233.246 135.121 26.8518 
226.877 132.127 27.1377 
231.213 133.531 28.7107 
229.08 131.471 28.3063 
216.204 137.94 26.2198 
216.27 136.215 23.1914 
216.558 135.492 28.3835 
223.629 131.281 26.2653 
224.662 133.202 20.6052 
224.096 131.885 23.0346 
228.104 134.814 29.2076 
218.805 121.826 27.1602 
213.842 126.692 25.8655 
215.438 126.355 23.2357 
221.914 126.533 27.3753 
218.26 138.939 29.3819 
221.629 139.511 18.594 
218.765 137.01 20.2794 
222.773 135.824 19.2492 
222.004 130.402 23.1181 
221.441 132.827 20.6744 
217.474 133.601 21.2038 
221.68 153.448 20.9517 
217.511 145.581 21.5072 
224.228 153.911 25.458 
221.193 144.278 17.8915 
233.775 122.559 23.7019 
231.294 122.107 25.1676 
231.419 121.856 21.334 
229.95 123.914 21.5007 
235.941 127.419 26.4763 
228.652 126.871 27.2157 
233.108 127.338 20.5608 
232.382 148.155 24.6249 
230.686 150.166 27.76 
230.789 145.914 28.1485 
227.134 148.55 30.3867 
214.737 129.172 23.9927 
214.676 127.553 29.0223 
234.216 134.017 22.2821 
233.211 131.899 20.4484 
232.042 134.699 19.9494 
230.202 132.275 19.3443 
233.294 136.991 21.9155 
231.099 137.151 28.4922 
234.087 135.7 24.4185 
227.674 127.521 25.0184 
228.039 129.533 26.7772 
227.626 128.545 22.5444 
233.867 129.577 20.9021 
220.406 128.145 22.6424 
219.218 130.544 21.1604 
216.027 131.312 22.3885 
215.514 134.799 25.7127 
230.795 137.725 19.2833 
228.921 135.043 18.9519 
225.887 135.34 19.0449 
225.333 137.604 30.7659 
224.515 137.87 18.4372 
223.353 148.858 16.7491 
226.609 144.868 17.2955 
216.226 122.165 27.6161 
214.399 122.97 30.3049 
213.741 124.952 28.4274 
215.741 125.302 30.626 
236.086 128.671 24.273 
235.395 130.393 26.032 
234.07 129.109 28.169 
224.885 133.592 29.2937 
235.278 128.077 22.1252 
233.447 122.69 26.6223 
235.235 123.057 25.4309 
234.441 126.075 28.5808 
226.775 130.561 24.6026 
228.557 130.111 20.406 
228.291 124.492 25.6797 
229.144 121.714 26.6884 
229.112 121.48 23.6295 
218.506 125.826 22.3717 
221.398 125.915 24.2767 
219.795 123.194 23.3269 
214.419 124.506 24.4239 
217.708 121.557 25.6728 
215.617 121.743 25.6546 
220.99 124.593 29.3465 
218.633 125.125 31.0026 
217.909 122.422 29.3537 
222.179 128.508 25.303 
214.834 132.062 25.0038 
228.784 149.146 17.4946 
226.31 153.512 21.0119 
234.705 133.186 25.1152 
221.669 135.865 31.1229 
236.532 126.196 23.9339 
226.557 131.232 21.9775 
218.566 130.162 30.9359 
215.78 130.249 29.6359 
217.2 127.688 30.8435 
220.531 127.535 30.1703 
231.503 129.623 19.6565 
228.177 125.309 22.9366 
222.412 141.376 30.9949 
225.176 144.383 30.9466 
218.905 144.129 28.9546 
225.046 140.884 17.7656 
216.915 142.891 23.4067 
235.196 130.942 22.8731 
232.666 143.401 24.7611 
228.209 143.46 30.1447 
231.042 141.349 28.2084 
234.996 125.399 21.476 
218.175 141.517 20.4096 
216.888 141.655 26.3155 
216.653 139.675 23.2533 
215.359 132.67 27.7613 
214.304 129.826 27.0081 
229.654 128.745 28.3942 
228.696 153.714 23.873 
232.151 149.939 20.9267 
232.22 153.772 24.5634 
231.173 153.279 19.0242 
222.246 147.037 30.6555 
217.239 145.61 25.472 
222.29 154.294 30.5574 
218.706 149.133 27.9822 
232.559 140.627 21.2291 
227.357 137.949 18.2645 
229.183 141.2 18.2207 
222.205 129.227 28.2473 
225.938 141.217 30.8369 
234.412 123.142 29.1269 
236.791 123.536 26.8394 
235.015 123.122 27.0836 
236.705 123.239 23.1109 
221.039 130.113 30.3023 
228.383 139.23 29.9391 
215.694 133.684 23.4148 
225.413 153.025 16.1207 
233.225 138.684 25.3725 
217.121 128.441 21.9188 
216.321 123.688 23.049 
232.269 124.609 20.6953 
217.097 132.871 30.0095 
213.172 122.357 27.3138 
222.639 131.767 29.6987 
221.675 123.803 26.2575 
221.327 121.918 28.6474 
218.688 149.061 18.9942 
231.953 127.687 29.1287 
231.558 130.458 28.8684 
217.083 149.521 23.5452 
231.618 145.357 20.0067 
233.607 132.064 27.6042 
230.128 126.552 28.6595 
217.162 122.979 31.4049 
219.497 122.639 30.9057 
229.555 124.452 27.9599 
213.578 124.058 26.0894 
229.861 126.872 20.5858 
214.131 121.624 24.6685 
220.444 153.102 17.1556 
234.308 122.523 21.0998 
231 122.315 28.8693 
227.35 132.741 19.9063 
220.466 121.055 24.7691 
217.201 121.009 23.32 
219.89 132.649 31.024 
218.387 135.267 30.346 
231.814 125.051 29.2803 
217.613 153.874 25.8757 
229.198 154.176 29.1541 
217.409 153.409 20.645 
230.069 133.769 26.6759 
232.384 134.372 27.9958 
231.104 133.301 27.4062 
229.064 132.905 27.5706 
230.128 132.481 28.7919 
227.986 131.804 27.7128 
216.023 137.108 24.6858 
216.298 136.736 27.3351 
219.969 134.683 26.1638 
216.549 135.764 25.7597 
220.057 133.396 27.2261 
219.929 133.854 24.7349 
225.933 133.128 23.8023 
224.371 132.395 21.7497 
226.37 134.482 24.8536 
225.479 132.93 25.1235 
225.918 134.083 26.1367 
227.451 133.275 28.4175 
216.26 124.217 26.509 
217.125 124.064 25.1895 
220.375 124.149 27.2815 
214.45 126.52 24.4351 
218.687 126.367 25.2883 
217.865 126.5 26.5557 
220.013 139.214 23.9261 
218.56 138.038 24.84 
220.544 137.46 24.2335 
220.159 138.247 19.3533 
220.699 136.364 19.5047 
222.184 137.65 18.8427 
219.082 133.401 23.2457 
218.976 134.579 22.169 
216.712 134.935 22.082 
221.817 131.496 21.7626 
219.386 133.127 20.5098 
219.716 132.119 22.3559 
219.755 149.594 21.4835 
222.981 153.687 23.1818 
221.561 148.988 19.5397 
220.924 149.81 23.58 
222.768 149.144 21.6438 
218.936 144.897 19.2934 
217.314 136.626 21.5687 
220.245 134.24 23.2002 
220.001 134.829 20.0245 
222.837 132.159 21.7106 
221.419 134.502 21.6012 
232.526 122.321 24.4336 
232.587 122.224 22.4882 
231.872 123.253 22.6478 
231.299 121.979 23.1959 
230.677 122.882 21.4042 
230.631 122.983 23.309 
232.275 127.06 26.8432 
234.954 124.963 25.1154 
234.538 127.289 23.4929 
231.21 124.65 25.5627 
233.465 124.929 22.1331 
230.915 127.042 23.9233 
231.722 149.175 26.2929 
231.803 147.054 26.4996 
229.718 148.563 27.4739 
230.736 148.04 27.9529 
229.104 147.248 29.4727 
229.09 149.374 29.3248 
215.024 127.761 23.5663 
214.807 128.302 26.4809 
218.278 127.867 25.641 
214.868 127.022 26.0864 
218.309 126.948 28.0828 
233.816 132.972 21.2837 
233.282 134.393 20.9866 
232.211 133.13 20.8312 
232.656 133.305 20.1615 
231.182 133.489 19.4581 
231.806 132.086 19.6198 
232.005 137.134 25.1402 
233.846 136.398 23.138 
233.215 136.124 24.347 
232.564 136.631 26.442 
233.773 135.439 25.6768 
232.239 136.151 27.7451 
227.81 128.521 25.9152 
227.525 128.01 23.7701 
230.826 128.522 22.9757 
228.039 129.095 24.5827 
230.761 129.068 21.8315 
230.989 129.547 23.854 
220.169 135.049 24.6026 
217.686 137.446 23.2698 
221.181 129.285 22.9024 
220.798 130.309 21.8925 
219.086 130.838 22.716 
219.857 129.309 21.8261 
217.443 130.885 21.3881 
218.174 129.729 22.5268 
219.59 133.052 25.9303 
215.861 135.189 27.0939 
215.772 135.532 24.4333 
230.836 137.543 23.9238 
229.896 136.372 18.9796 
228.342 136.555 19.3182 
229.899 136.263 23.7109 
227.401 135.174 18.9379 
228.441 136.455 23.7213 
223.949 136.948 24.9583 
223.474 138.771 24.6583 
221.812 138.29 29.8168 
223.64 136.838 18.8106 
223.061 138.677 18.4548 
224.881 137.947 24.5776 
224.982 146.841 16.8206 
222.256 146.56 17.2568 
223.801 151.44 20.9963 
223.864 144.515 17.2357 
225.441 149.458 21.2528 
215.241 122.581 28.9778 
214.931 123.552 28.0402 
215.943 123.715 29.0987 
213.993 123.98 29.4104 
214.527 125.186 29.6991 
215.043 124.152 30.5086 
236.142 128.066 25.4021 
235.702 128.913 26.269 
235.139 128.296 27.4306 
235.899 129.581 25.1812 
234.858 129.795 27.2072 
234.923 128.825 26.2474 
226.469 134.259 29.166 
225.864 133.01 28.1131 
224.39 132.913 26.1048 
235.556 127.687 24.3191 
234.616 125.299 22.9313 
234.301 127.715 21.1856 
234.365 122.871 26.0504 
233.942 124.364 27.6336 
234.778 125.036 26.5517 
234.876 124.542 27.1021 
235.34 126.788 27.6555 
235.602 125.211 25.9543 
228.58 131.491 22.0398 
227.917 130.497 22.5375 
230.064 131.27 22.5448 
229.32 131.148 19.6972 
230.887 130.975 20.5542 
229.868 123.317 25.4418 
230.152 121.924 25.9033 
230.163 121.753 24.4274 
228.679 123.096 26.1977 
228.815 121.523 25.1659 
228.486 122.937 24.6456 
222.106 134.312 19.9344 
223.419 133.982 21.292 
218.649 123.697 24.6825 
220.182 125.818 22.9462 
219.186 124.492 22.6933 
220.116 123.843 25.6894 
220.764 124.499 23.6797 
219.345 122.477 25.2137 
215.96 122.995 24.94 
214.992 123.114 25.0404 
215.316 123.311 25.9935 
216.636 121.633 25.612 
215.902 121.953 26.6236 
216.914 121.841 26.5747 
218.648 123.329 28.4667 
220 124.86 30.408 
219.517 123.482 29.3732 
217.382 123.63 29.3378 
218.25 123.763 30.1782 
217.053 122.295 28.5068 
218.411 130.276 25.1227 
221.545 128.262 23.8175 
219.112 129.907 23.808 
217.51 130.114 23.7854 
215.244 131.719 23.5984 
227.729 146.997 17.3001 
227.579 151.347 19.1414 
230.422 148.695 21.0555 
226.424 149.23 19.0555 
229.298 150.817 22.8114 
229.414 146.538 20.8203 
234.298 134.89 23.3331 
234.626 133.642 23.6831 
233.725 134.501 24.546 
234.354 134.431 24.7606 
234.022 134.169 26.0046 
219.796 137.466 30.6649 
216.997 138.495 27.9462 
217.392 137.22 28.8975 
218.843 136.693 28.6749 
219.218 135.535 29.6462 
236.426 126.852 25.2181 
236.001 127.156 22.9818 
235.203 124.362 23.8212 
229.347 133.02 21.0093 
226.522 130.794 23.2771 
226.812 131.811 24.5098 
229.463 132.728 22.2932 
226.77 131.292 25.9 
229.407 133.522 23.5351 
224.71 135.014 26.9249 
225.231 135.481 30.325 
226.727 136.202 30.0114 
217.035 130.258 30.5835 
217.882 128.925 30.897 
219.606 128.836 30.7821 
216.377 128.993 30.4207 
218.944 127.619 30.8865 
218.231 128.856 29.646 
233.557 130.74 20.6531 
232.451 130.754 19.8758 
231.264 129.89 20.6432 
232.788 129.578 20.112 
229.966 129.822 19.7761 
228.65 126.053 24.9858 
227.994 124.829 24.3182 
227.742 126.392 23.9711 
228.381 125.668 26.4847 
227.963 126.004 25.3546 
228.073 127.187 26.1574 
223.793 142.881 31.0465 
220.459 142.803 30.3247 
223.771 141.277 24.3136 
222.084 144.277 29.7954 
222.093 142.674 23.332 
225.122 142.796 24.3593 
219.465 141.45 21.0379 
217.948 143.504 26.1499 
221.075 142.072 20.5679 
220.435 142 23.7428 
223.324 140.179 18.0893 
231.489 128.928 25.5217 
234.482 129.945 23.5715 
231.677 129.94 26.3761 
235.736 129.83 23.5399 
234.986 129.544 22.8432 
235.545 130.765 24.453 
234.668 130.279 21.7872 
219.615 126.328 30.6669 
220.732 126.067 29.7333 
221.428 126.995 28.8876 
221.515 125.559 28.385 
220.079 125.976 29.1703 
230.306 143.477 27.2821 
232.152 142.403 26.6237 
228.751 142.238 21.2467 
229.712 142.407 29.3005 
227.954 141.267 22.9281 
226.614 142.33 23.9179 
234.431 123.967 22.5684 
234.055 126.369 21.0118 
235.157 126.741 21.7769 
219.091 124.275 27.456 
219.928 123.194 28.2642 
217.495 121.976 27.3701 
219.11 143.648 20.6605 
217.334 142.211 21.8124 
219.571 142.875 18.9877 
221.714 141.43 19.1715 
223.09 142.557 17.656 
219.745 141.352 28.4148 
220.202 140.2 30.4983 
219.478 140.469 27.0478 
217.366 140.336 27.9643 
217.695 139.278 26.1935 
216.612 140.683 24.7866 
215.48 131.493 28.7583 
214.848 130.08 28.4131 
218.951 129.355 27.3593 
214.759 131.271 27.4084 
218.163 129.155 26.0916 
218.583 130.578 26.4672 
231.804 128.884 28.1169 
230.827 128.239 26.5812 
232.497 129.551 27.1891 
228.756 128.145 26.6687 
230.514 151.825 22.3317 
230.478 153.732 24.2044 
230.085 153.447 21.3978 
232.446 151.86 22.731 
232.357 153.51 21.6695 
231.724 151.609 19.9391 
231.366 127.943 27.6765 
234.543 128.548 25.1926 
231.967 127.378 24.7073 
231.531 127.731 23.5822 
219.983 146.318 27.884 
223.702 145.716 30.9457 
221.778 145.82 24.2409 
221.251 145.069 28.1863 
223.258 144.508 24.3767 
219.166 144.957 21.5953 
222.269 150.666 30.6019 
220.271 148.1 29.6024 
223.224 150.486 28.1509 
220.309 151.721 29.5087 
221.405 151.564 26.805 
223.294 154.082 28.1203 
229.919 139.298 19.9361 
231.875 139.177 20.056 
231.147 140.909 19.3924 
229.15 137.793 18.5652 
230.01 139.458 18.7125 
228.287 139.564 18.1425 
232.458 149.054 22.7604 
229.199 151.687 20.9729 
230.8 149.523 18.8374 
221.22 135.539 26.0993 
228.138 136.499 18.6221 
226.616 136.622 18.5729 
213.912 127.205 27.536 
214.211 127.934 24.8987 
229.609 144.694 29.2997 
226.725 143.923 30.662 
227.386 144.318 23.6568 
227.964 145.189 29.4403 
225.903 144.792 24.144 
228.626 145.49 22.6316 
221.629 136.328 29.2827 
223.513 136.728 31.0273 
223.439 134.591 30.6723 
223.739 134.955 24.2937 
222.414 128.825 26.782 
218.722 130.892 27.8804 
218.966 129.677 28.8103 
222.086 140.553 24.6975 
224.181 141.299 31.0623 
223.821 140.513 24.6846 
225.502 141.212 24.2886 
215.114 126.458 29.9233 
215.751 127.658 30.2081 
216.671 126.213 29.8182 
216.469 126.496 30.7377 
217.912 126.414 31.0152 
217.142 125.245 31.0697 
234.433 124.61 28.866 
235.738 124.836 27.8147 
234.739 124.585 27.866 
235.799 123.409 28.2036 
235.939 123.336 27.004 
234.77 123.163 28.1676 
236.68 124.729 23.4963 
236.004 125.832 22.5454 
235.959 124.334 22.2104 
235.297 122.909 23.3672 
230.475 127.397 22.8366 
233.515 128.456 20.6829 
234.594 128.83 21.4902 
234.518 122.801 24.5766 
236.003 124.614 24.6837 
219.857 130.118 30.8274 
220.32 129.634 29.4333 
220.751 128.831 30.1967 
221.739 129.626 29.3516 
221.454 128.36 29.2745 
226.169 146.468 30.7341 
227.68 146.006 30.2889 
222.526 151.161 18.7755 
225.273 153.743 23.2308 
224.83 151.188 18.8081 
227.131 141.023 17.8383 
230.071 141.377 23.2264 
226.201 139.418 18.0244 
229.13 139.814 23.1526 
229.413 122.657 22.4728 
230.051 121.6 22.2502 
226.418 138.742 24.1569 
225.197 136.594 18.7024 
226.89 138.405 30.4465 
227.096 137.498 24.4928 
225.58 136.755 24.8793 
214.686 130.632 24.461 
215.328 130.245 23.1517 
217.525 128.672 23.2614 
218.852 132.041 23.3242 
218.401 131.204 24.0277 
215.237 132.879 24.2014 
215.784 132.507 22.851 
215.611 133.132 25.5741 
215.369 133.752 26.7534 
214.921 132.426 26.4046 
215.484 134.269 24.5406 
215.185 133.428 25.3591 
225.929 153.234 18.4644 
228.788 153.331 19.8953 
227.163 151.058 16.5512 
230.103 151.194 18.0993 
228.638 153.086 16.8792 
226.682 140.223 23.7902 
224.78 139.376 18.0958 
227.826 138.785 24.0895 
225.934 137.902 18.3133 
225.229 139.715 24.6099 
227.193 140.219 30.4944 
221.822 135.46 24.7012 
229.747 138.19 29.2281 
230.716 139.018 27.5208 
229.108 137.734 23.3817 
232.436 137.976 27.1391 
230.154 138.437 21.8263 
218.86 128.175 21.8885 
215.728 128.789 22.736 
216.49 129.864 22.035 
217.395 124.74 22.5984 
216.874 126.019 22.4692 
217.551 122.718 25.0401 
215.843 125.013 23.086 
217.954 127.246 23.0107 
218.373 126.09 23.7451 
219.503 126.965 22.4053 
220.963 127.019 23.4035 
215.375 124.829 28.3449 
214.185 126.258 28.7367 
214.402 128.706 28.0531 
215.911 128.696 28.7567 
215.204 128.906 29.3465 
214.92 125.43 23.8228 
215.826 124.214 25.3736 
214.07 125.601 25.1165 
215.027 124.429 26.7515 
233.007 123.584 22.1777 
233.7 125 20.8797 
232.697 125.968 20.5747 
217.756 131.542 30.6944 
217.091 131.355 29.2104 
219.643 130.919 28.9242 
216.119 132.81 28.9683 
219.653 142.205 27.2981 
222.162 127.494 26.3336 
221.342 128.073 27.7056 
218.886 128.373 28.3437 
214.265 129.541 25.4617 
218.379 128.865 24.5966 
218.118 128.135 27.0838 
216.555 123.125 25.7294 
213.388 123.664 27.8775 
213.498 122.724 28.914 
214.659 122.282 27.474 
223.888 139.488 31.0849 
225.644 139.409 30.8425 
219.529 127.074 29.0874 
218.602 131.557 25.4018 
218.757 132.622 24.4313 
220.475 145.602 29.961 
222.326 144.208 30.8408 
219.92 131.879 29.8221 
220.312 132.095 28.0362 
222.381 130.516 28.9473 
223.328 131.367 28.0577 
222.846 130.289 27.2457 
215.9 136.362 25.9617 
230.443 130.22 21.5456 
231.48 129.761 22.7252 
230.651 130.728 23.6077 
234.308 131.441 21.5767 
231.509 130.21 24.8781 
213.585 125.827 27.1656 
221.62 124.192 27.8748 
221.62 122.85 27.4554 
220.291 122.795 26.6994 
221.201 123.256 29.0165 
220.14 121.869 27.8714 
220.181 147.473 19.118 
220.838 148.913 17.4617 
218.02 147.316 20.2076 
220.189 151.277 20.1043 
230.742 128.223 28.9415 
230.564 129.608 28.8195 
233.071 128.424 28.8436 
231.756 129.072 28.9886 
232.87 129.81 28.6577 
219.366 151.511 22.3352 
220.693 151.737 24.5561 
217.144 147.541 22.4893 
232.48 146.769 22.2211 
231.883 147.648 20.4675 
230.349 147.24 18.5735 
216.419 133.661 22.1912 
216.583 134.117 23.5046 
222.09 129.456 24.211 
225.83 142.87 17.4854 
230.598 143.276 18.8835 
230.678 142.332 21.518 
232.069 142.991 20.6293 
232.857 142.046 22.9743 
232.576 144.404 22.3083 
234.295 132.676 26.4417 
230.706 131.878 24.7616 
231.873 132.364 26.6457 
230.222 131.35 26.011 
228.178 131.166 26.3059 
231.271 131.726 27.8419 
233.055 126.888 27.5284 
231.034 124.738 26.9546 
229.329 126.706 27.9957 
231.755 124.582 27.708 
228.504 131.852 20.8065 
217.898 124.052 31.2041 
219.063 123.882 30.9504 
217.509 122.688 30.3834 
218.37 122.841 31.3029 
218.715 122.525 30.1373 
230.98 123.921 23.3901 
230.656 126.335 21.7579 
220.654 122.31 29.9763 
220.314 123.622 30.1961 
219.717 122.181 29.0302 
226.119 148.941 16.6854 
220.072 144.316 23.4188 
225.665 151.22 27.9921 
228.332 151.076 24.9692 
226.655 151.085 25.7669 
217.011 122.601 24.3223 
215.946 122.675 24.2609 
215.266 124.086 23.5951 
230.956 145.683 24.0052 
229.389 145.084 18.1013 
230.541 150.936 24.2197 
232.258 150.961 24.5829 
228.47 149.758 24.5543 
227.9 143.032 17.7403 
229.663 144.213 20.8767 
227.364 130.031 25.7089 
228.492 130.481 27.6116 
230.859 130.834 27.1096 
236.286 127.429 24.1065 
235.823 128.401 23.1348 
232.329 127.656 25.788 
231.959 144.679 26.5801 
216.431 131.562 29.8297 
214.413 130.984 26.0103 
230.385 123.24 26.6337 
228.774 124.458 26.9012 
229.285 123.071 27.3659 
229.125 123.904 23.6882 
218.345 122.113 28.2604 
216.773 142.283 24.8663 
217.601 141.549 23.4573 
220.127 141.354 25.6113 
220.913 127.31 25.0286 
217.392 128.637 28.4892 
222.066 127.879 27.8131 
231.707 138.232 22.4378 
229.576 129.062 21.2048 
227.962 129.285 21.3845 
232.26 137.379 20.4034 
232.899 138.805 21.5861 
233.521 137.885 23.6176 
233.269 139.69 23.2616 
231.603 141.019 24.6599 
232.287 140.034 26.8941 
218.275 132.044 20.9455 
217.559 132.18 22.3545 
221.878 126.192 25.7951 
214.882 123.12 26.8475 
213.454 124.53 27.2503 
213.741 125.373 25.9856 
231.498 127.034 20.2572 
228.483 127.631 21.3376 
231.6 128.317 20.529 
230.394 127.941 21.6696 
217.768 125.956 29.0369 
230.007 132.908 25.5683 
232.59 134.908 23.3586 
231.487 123.555 27.3218 
232.352 122.375 25.9119 
230.846 123.559 26.1923 
222.957 130.728 24.6564 
223.89 131.539 24.6432 
222.251 132.179 23.5774 
222.919 131.318 23.1617 
220.026 146.444 26.0574 
217.107 145.608 23.4607 
228.784 129.131 27.6474 
229.809 140.288 29.2234 
231.063 139.249 28.3425 
231.115 123.512 24.749 
224.92 135.8 25.7064 
227.015 135.398 24.0777 
225.249 134.197 19.7027 
217.851 144.914 27.3442 
236.368 125.478 26.6588 
235.546 125.261 26.8008 
236.108 123.182 24.2821 
236.083 123.315 26.1227 
237.183 123.494 24.9406 
236.89 124.908 25.4299 
235.151 132.122 23.996 
233.898 132.495 22.8223 
231.373 131.384 25.8717 
231.046 136.022 20.5646 
228.466 135.149 23.9996 
226.47 134.076 23.0105 
227.891 133.778 23.0177 
230.023 134.689 24.4262 
229.067 134.623 27.7711 
213.999 128.271 26.4333 
229.659 134.172 28.9647 
228.617 133.179 28.6555 
216.931 144.269 24.442 
213.916 124.291 25.2216 
213.345 123.212 26.6966 
213.397 122.027 25.9017 
214.317 122.079 26.4715 
213.733 122.852 25.3225 
214.867 121.675 25.1545 
214.544 122.903 25.8799 
216.422 124.166 31.1326 
216.742 123.86 30.079 
215.725 123.087 31.2965 
216.078 122.724 29.9145 
230.48 132.31 23.4053 
218.757 122.322 24.4058 
218.248 121.689 26.4171 
218.086 123.614 23.8618 
218.159 129.465 21.4343 
224.362 132.284 27.8518 
222.604 133.658 28.4986 
222.867 133.843 26.9557 
216.231 122.881 25.2014 
216.24 127.386 22.5105 
214.263 123.065 24.5352 
215.163 122.65 23.769 
234.571 131.256 26.8654 
234.304 131.441 25.1913 
229.675 135.955 29.1635 
228.289 136.999 29.7054 
225.443 131.828 22.5736 
225.634 131.589 23.8185 
230.435 134.069 25.5423 
232.982 135.168 22.1617 
232.812 135.869 20.8147 
230.687 134.715 28.2208 
231.165 135.342 28.6198 
224.38 150.934 16.3787 
222.867 153.023 16.2921 
223.59 153.207 18.4351 
221.856 150.96 16.8011 
221.027 153.245 19.0419 
227.408 152.069 26.5647 
228.498 151.88 24.4398 
228.824 126.006 21.5724 
228.913 127.216 22.8917 
221.828 130.946 29.9898 
219.076 131.318 29.9571 
219.183 139.531 21.0322 
217.379 138.344 21.534 
233.611 122.614 25.1746 
220.947 135.147 27.6416 
233.293 123.564 20.8614 
234.676 123.961 21.2339 
234.06 122.548 22.3791 
229.085 125.659 27.6029 
234.233 122.902 26.8518 
233.919 122.919 27.9288 
232.309 126.255 28.5348 
228.945 124.571 22.1322 
229.835 123.649 24.0606 
224.329 135.58 19.1425 
219.389 132.037 26.9552 
221.795 129.976 25.7258 
231.83 123.22 20.95 
231.066 124.224 20.9285 
217.297 140.602 21.7685 
219.72 140.468 19.2139 
219.108 140.505 22.4443 
217.717 142.925 27.7425 
230.233 123.375 28.4725 
229.906 121.986 27.9246 
231.087 122.192 27.0792 
229.791 125.498 28.3639 
231.053 125.723 20.5676 
230.277 124.955 21.9197 
226.846 146.857 23.779 
227.095 142.338 30.5591 
228.469 141.308 29.436 
228.322 141.344 30.0954 
226.62 134.044 19.4822 
228.109 133.841 19.2485 
227.186 132.593 23.4466 
220.115 122.133 24.0675 
218.545 122.042 23.1876 
219.129 121.274 25.1536 
218.971 120.947 23.7387 
217.443 121.283 24.4432 
230.997 127.121 29.0432 
233.241 126.902 29.0076 
233.861 127.428 27.6907 
219.745 121.422 25.962 
230.448 133.166 24.3995 
230.546 134.867 19.2554 
233.568 137.172 24.8777 
221.379 132.126 30.7146 
219.095 133.971 30.8487 
218.262 134.067 29.5777 
220.557 133.523 29.7052 
217.388 135.406 29.4456 
219.607 133.631 28.9139 
216.262 138.851 24.7247 
216.628 139.783 26.2481 
224.711 147.803 30.8922 
224.457 146.105 23.9352 
230.356 127.286 28.1416 
229.112 127.806 27.8451 
233.35 130.351 27.3485 
232.685 131.299 28.4607 
229.91 130.053 27.6828 
234.917 129.122 24.2382 
227.627 130.92 26.8173 
232.612 123.856 27.9804 
233.178 125.588 29.1674 
230.944 125.802 29.0442 
217.579 149.332 25.8848 
217.889 147.378 26.7662 
218.293 147.415 24.7043 
217.159 147.566 24.509 
217.203 144.237 22.4542 
233.129 124.105 29.3345 
233.231 136.901 26.1098 
227.89 126.925 22.7368 
225.561 142.8 30.9141 
230.654 128.199 19.9539 
226.861 131.883 20.8329 
227.522 130.652 21.1665 
227.996 131.458 20.2226 
228.746 132.477 19.5223 
229.901 125.39 21.0343 
224.007 153.488 21.0199 
218.413 132.79 30.767 
220.506 131.358 30.8231 
215.514 121.292 23.6537 
216.735 122.328 23.0882 
216.369 121.367 24.3671 
234.268 127.595 28.3946 
225.64 132.291 21.3472 
226.031 133.024 20.3143 
218.047 123.38 22.7391 
227.156 129.535 23.5695 
227.374 129.073 24.7793 
221.772 131.886 28.5829 
216.8 134.19 29.2206 
215.947 134.085 28.0787 
222.271 133.725 30.8214 
219.983 135.581 30.9292 
221.101 133.249 28.144 
227.519 153.615 22.4417 
229.689 151.968 25.8679 
218.332 137.1 29.8536 
220.779 134.257 31.0883 
223.698 132.74 29.4408 
218.862 146.625 28.4232 
218.064 151.503 26.9762 
220.845 153.882 25.8166 
219.457 154.093 28.7243 
221.79 127.211 24.7891 
217.811 127.118 22.0685 
216.004 134.946 23.3132 
216.724 132.457 21.7666 
218.139 135.305 20.7692 
220.318 131.705 20.9688 
235.28 129.518 22.4731 
231.883 126.37 29.217 
221.26 122.39 25.4298 
221.43 121.416 26.6236 
221.604 124.851 25.2512 
221.07 123.416 24.6017 
229.736 133.726 20.0684 
229.559 133.663 19.1773 
223.039 133.106 20.7406 
223.706 134.42 19.773 
221.815 125.166 26.8164 
218.592 141.532 29.1585 
222.039 138.621 31.0748 
232.948 141.043 25.0674 
232.501 145.776 24.689 
230.921 143.632 28.184 
230.552 124.731 28.8362 
231.383 123.68 29.1377 
232.217 122.513 27.8285 
232.687 122.756 29.423 
235.139 123.084 26.2671 
226.689 153.994 27.5073 
224.744 151.414 30.8711 
225.958 154.202 30.7689 
228.196 151.364 29.8246 
228.628 123.39 23.2766 
216.469 137.944 23.2251 
232.853 122.169 20.9714 
235.727 122.914 21.8422 
227.233 129.953 22.316 
228.387 128.208 26.97 
230.284 130.96 28.7272 
233.849 130.591 27.8996 
225.214 132.067 26.5627 
225.189 131.773 25.3561 
235.022 131.778 25.5646 
232.958 133.196 26.9371 
232.473 132.822 28.2684 
233.441 133.597 27.2393 
230.853 130.949 19.4944 
229.182 128.48 20.4537 
232.319 128.47 20.0745 
218.441 139.261 20.3144 
219.228 131.406 30.9744 
219.857 146.654 18.3169 
221.396 141.886 18.1968 
217.749 134.066 30.1674 
231.404 136.211 19.6418 
226.443 153.843 24.6479 
217.299 151.697 24.7214 
228.989 153.936 26.6001 
231.061 153.966 27.0876 
231.566 151.972 26.2218 
229.945 152.171 28.4601 
219.51 153.427 20.8079 
219.599 153.652 23.5134 
217.117 151.459 22.0793 
217.004 153.62 23.2902 
229.406 130.115 28.292 
217.938 151.224 19.7478 
217.452 149.271 21.1257 
231.385 131.995 28.7906 
229.886 127.648 28.5335 
216.813 141.281 23.3352 
217.767 143.551 20.9196 
217.022 143.638 25.9061 
222.723 129.985 25.7989 
233.743 135.501 22.1044 
234.688 132.473 22.5867 
219.505 151.074 17.9966 
218.598 153.232 18.6312 
