1396 # number of quadratic FSI nodes
685 # number of FSI facets
232.457 148.668 22.597 0
231.401 146.293 27.3194 1
232.729 143.64 23.8634 2
227.042 158.455 30.0595 3
227.621 153.303 30.1438 4
230.669 156.41 27.425 5
224.585 183.678 28.2819 6
219.151 183.378 26.7541 8
219.133 105.48 30.6713 9
217.479 105.066 27.7192 11
215.774 123.937 23.2794 12
214.298 126.004 24.69 13
216.42 126.383 22.5812 14
236.443 106.719 30.7525 15
233.65 106.211 30.2835 16
235.137 130.657 26.3306 18
235.049 132.398 23.7046 19
234.054 133.518 26.3785 20
238.747 106.995 29.4988 22
213.639 125.549 27.6376 23
214.645 127.327 29.0586 24
214.008 128.275 26.7139 25
215.358 130.132 29.1771 26
231.037 115.201 28.6054 27
229.786 117.18 26.7847 28
230.046 114.525 25.8465 29
230.65 182.944 17.6351 30
231.416 179.168 20.2408 31
229.252 178.514 15.8118 32
230.975 174.795 18.4878 33
231.267 121.346 29.0111 34
229.622 119.799 27.2113 35
231.733 118.335 29.2771 36
232.603 131.188 28.5177 37
231.541 141.692 27.6454 38
236.044 127.697 26.0475 39
235.812 129.321 23.4987 40
215.44 119.629 32.0119 41
215.319 122.426 31.2775 42
213.49 120.411 30.174 43
231.664 131.439 19.5853 44
233.545 133.714 21.1092 45
234.21 130.563 21.2923 46
229.985 116.733 24.0182 47
230.36 119.43 22.491 48
231.884 116.68 21.9187 49
231.032 151.262 27.1826 50
231.161 183.371 22.3944 51
229.61 122.35 22.3925 52
228.937 120.967 24.7437 53
228.353 123.574 24.6692 54
222.823 131.049 28.698 55
222.025 128.524 28.3257 56
222.666 129.776 26.7248 57
224.483 168.665 29.6308 58
221.579 163.782 29.5039 59
226.225 163.252 29.8781 60
212.279 116.007 29.7891 61
211.961 113.423 30.6093 62
213.358 115.307 32.0705 63
234.213 135.449 23.9105 64
231.878 105.737 28.2745 65
231.319 162.308 19.4886 66
231.059 157.334 18.9284 67
228.086 160.547 16.0803 68
226.78 182.5 13.8788 69
213.468 117.892 31.2167 70
224.511 177.909 13.671 71
215.414 116.896 32.7302 72
217.85 118.237 32.3766 73
229.286 122.427 27.1871 74
228.77 125.115 27.0402 75
229.344 118.755 24.9939 76
232.853 113.237 29.8621 77
235.53 113.989 30.0513 78
233.602 115.91 29.9633 79
230.106 126.904 28.66 80
231.057 124.152 29.0451 81
234.68 127.641 21.4669 82
232.448 128.5 20.1235 83
222.47 155.441 30.5058 84
236.829 111.479 22.3487 85
235.181 109.361 22.0429 86
234.399 111.837 21.8385 87
223.32 160.184 30.2821 88
224.27 164.04 14.8479 89
229.001 165.519 16.3619 90
229.789 171.762 26.8272 91
224.586 175.035 29.0613 92
231.889 128.569 29.0432 93
234.215 128.513 28.2206 94
220.415 167.989 15.5462 95
225.74 169.101 14.5678 96
219.135 162.354 17.1443 97
227.792 126.277 24.652 98
228.737 124.908 22.2245 99
232.808 137.072 21.0639 100
216.835 142.161 23.615 101
217.115 146.54 24.0132 102
218.664 144.598 19.6007 103
231.353 175.57 23.304 104
232.758 126.468 29.1642 105
223.08 134.13 30.6624 106
226.013 132.982 28.0111 107
231.925 134.444 28.2896 108
216.252 138.041 24.0096 109
216.921 140.156 27.0515 110
215.372 114.206 33.4042 111
236.356 126.381 23.414 112
227.544 173.912 14.858 113
227.217 155.369 16.1678 114
222.105 140.316 18.2973 115
218.183 139.253 20.5593 116
217.171 135.238 21.5884 117
221.129 135.449 19.6218 118
219.052 131.938 20.8152 119
237.043 109.346 30.2083 120
223.374 158.89 15.4308 121
222.232 127.843 26.2571 122
223.689 144.966 17.1803 123
238.495 115.568 25.9104 124
237.477 116.356 23.1515 125
237.999 118.516 25.5546 126
235.983 113.997 21.9408 127
234.885 116.663 21.5017 128
232.858 125.905 20.6155 129
229.623 166.321 27.6539 130
235.153 125.897 28.1031 131
220.535 129.335 22.2652 132
217.536 128.966 21.6798 133
236.651 119.723 22.5428 134
238.128 113.531 23.6574 135
239.904 106.972 27.0452 136
239.072 109.63 28.1698 137
221.697 126.31 28.097 138
229.143 176.412 26.941 139
235.815 105.875 22.3529 140
237.758 108.975 22.8878 141
239.105 106.571 24.0093 142
230.761 134.513 19.3298 143
233.383 119.329 21.1807 144
213.689 122.972 25.4404 145
217.913 121.187 31.7616 146
211.702 111.06 28.533 147
212.101 114.156 28.0093 148
231.643 105.478 25.7736 150
232.703 105.475 23.718 151
231.046 124.149 20.9504 152
213.079 117.881 26.1962 153
215.453 116.892 24.4231 154
213.386 115.261 25.8913 155
229.526 138.14 18.6564 156
231.555 107.67 24.6868 157
219.789 157.541 17.1029 158
232.481 110.535 29.6188 159
234.98 111.379 30.3993 160
233.283 114.187 21.7508 161
230.822 112.1 27.7353 162
228.142 145.107 17.6216 163
226.443 141.249 17.7534 164
227.943 127.637 22.2061 165
215.732 113.94 24.9265 166
232.401 154.277 23.0978 168
230.256 126.596 20.5246 169
229.354 129.282 20.1321 170
227.074 130.388 22.1607 171
230.181 161.399 27.6315 172
214.932 128.79 23.6707 173
217.379 182.464 16.8143 174
221.328 182.315 13.6852 175
219.255 177.663 15.3003 176
216.447 178.179 20.112 177
219.69 109.537 29.3934 178
218.273 108.447 27.2202 179
219.255 111.273 27.2581 180
213.467 109.521 26.4576 181
216.411 110.788 25.6403 182
215.591 107.643 26.3003 183
213.526 122.941 28.8662 184
214.961 125.091 30.1751 185
232.086 159.386 23.457 186
221.799 125.432 25.901 187
238.541 111.19 23.8927 188
233.146 123.748 20.8338 189
211.269 107.074 32.657 191
211.011 106.434 29.6089 192
219.303 126.748 22.377 193
221.464 127.296 24.0221 194
221.58 123.792 28.0055 195
233.287 136.111 26.3649 196
230.979 114.302 23.2286 197
217.433 149.952 21.0743 198
216.975 154.544 22.9373 199
218.484 153.978 18.6993 200
217.038 166.956 19.9623 201
217.274 172.604 18.4071 202
222.237 173.091 14.2897 203
223.9 149.904 30.8626 204
233.33 139.051 24.6066 205
226.278 149.766 16.5829 206
216.315 182.873 21.9268 207
212.302 105.824 27.7146 208
213.399 107.269 26.8193 209
214.362 105.332 26.8594 210
220.817 149.457 17.4077 211
220.154 119.323 30.6958 212
234.955 124.876 21.4083 213
231.639 137.743 28.0049 214
228.889 139.371 29.7113 215
219.164 107.207 29.1636 216
220.531 146.088 29.9415 217
222.416 142.525 30.9538 218
224.938 145.29 30.946 219
231.552 144.749 19.8982 220
213.979 107.173 34.8866 221
216.708 106.738 34.7283 222
215.818 109.165 34.5441 223
228.196 148.336 29.9306 224
231.945 121.808 21.164 225
230.039 170.254 17.113 226
222.496 154.087 16.2539 227
212.528 118.256 28.7514 228
221.973 138.461 31.0742 229
219.592 135.088 30.8765 230
232.28 140.853 20.737 231
230.729 152.152 18.5627 232
220.333 122.475 30.3106 233
217.604 179.15 25.3264 235
218.331 155.049 27.2449 236
217.229 158.932 24.8676 237
234.655 122.101 21.2363 238
221.35 120.514 27.574 239
236.019 116.091 29.5665 240
217.894 124.443 31.1652 241
211.137 108.721 30.0717 242
211.894 108.141 27.9961 243
237.409 117.279 28.1417 244
216.25 136.635 27.2765 245
230.267 148.06 18.4645 246
219.377 107.905 31.4594 247
215.492 134.52 24.8111 248
218.342 113.414 25.6119 249
218.226 137.936 29.5635 251
217.708 115.456 32.9041 252
234.364 108.757 30.5132 253
231.256 109.63 28.0119 254
239.389 109.372 25.2859 255
231.712 171.293 21.6454 256
220.132 112.239 29.6531 257
220.123 113.955 27.5827 258
213.285 109.829 33.8447 259
215.893 131.844 22.5898 260
215.716 133.5 27.9648 261
231.59 166.968 20.2466 262
220.553 125.222 29.8959 263
231.24 107.695 27.0277 264
217.566 112.791 33.3964 265
219.471 113.723 31.7724 266
227.413 134.522 19.1366 267
219.701 159.513 28.6758 268
239.011 112.391 26.4505 269
212.388 116.361 27.6503 271
217.254 135.208 29.3698 272
217.608 144.149 27.1739 273
214.508 131.345 25.798 274
236.757 119.993 28.148 275
212.901 120.467 27.299 276
219.288 141.635 29.7216 277
218.185 117.388 24.3799 278
216.807 119.22 23.7261 279
228.678 143.682 29.9138 280
219.223 110.757 32.1626 281
225.155 137.131 18.5544 282
236.812 124.769 25.9333 283
230.656 112.048 24.742 284
236.682 123.284 23.075 285
237.464 121.663 25.6656 286
235.699 122.966 28.3918 287
221.013 127.245 29.5681 288
219.305 127.168 30.8068 289
227.029 179.761 27.9927 290
229.188 183.627 26.054 291
230.499 179.704 24.7848 292
229.843 142.022 18.4143 293
218.208 124.404 22.5906 294
229.728 129.498 28.4611 295
218.033 163.171 26.5972 296
233.204 110.192 22.368 297
237.714 114.689 28.535 298
225.945 136.764 30.452 299
215.397 111.621 34.0202 300
224.757 131.93 22.9729 301
226.363 132.372 20.7362 302
218.263 129.703 30.9171 303
217.436 132.691 30.334 304
216.551 127.332 30.674 305
218.517 106.139 33.2282 307
219.701 172.036 27.8921 308
222.39 130.016 24.3371 309
219.08 167.355 27.6614 310
227.386 128.917 24.6258 311
229.358 132.233 28.5955 312
214.267 119.79 24.6753 313
215.864 121.53 23.4837 314
219.497 115.8 25.7373 315
217.53 115.399 24.7031 316
225.555 141.012 30.9057 317
217.016 166.064 24.2578 318
216.92 169.968 24.0116 319
216.857 162.69 22.1671 320
237.569 112.023 29.3687 321
217.401 158.347 20.258 322
223.894 131.497 25.9412 323
224.468 133.674 20.2068 324
218.169 147.718 27.2576 325
230.848 109.786 25.9537 326
217.457 150.811 25.3894 327
213.241 112.617 32.9138 328
219.555 122.525 23.4872 329
221.339 122.833 25.3875 330
220.167 120.611 24.6409 331
211.667 110.575 31.6078 332
220.884 129.176 30.1569 333
220.476 131.867 30.9048 334
220.401 114.622 29.7804 335
231.786 164.152 23.9343 336
233.149 108.018 22.7849 337
220.153 118.307 25.5038 338
220.786 124.72 23.6154 339
232.142 112.025 22.6591 340
218.178 120.882 23.471 341
217.47 122.582 22.9056 342
232.183 108.07 29.182 343
226.402 131.225 25.0009 344
219.693 150.878 29.0332 345
234.053 120.661 29.5486 346
233.184 122.756 29.4337 347
213.435 112.417 26.1122 348
228.588 131.954 19.7342 349
221.846 179.605 28.3911 350
219.699 176.155 27.6303 351
216.982 174.676 24.2242 353
231.52 168.147 24.2041 354
227.864 130.426 26.851 355
219.778 116.404 31.284 356
218.824 119.233 24.1414 357
228.348 127.823 26.8336 358
222.165 131.923 21.5997 359
231.665 109.902 23.6741 360
217.329 110.629 33.8448 361
218.073 108.585 33.619 362
229.033 135.499 29.243 363
233.695 124.474 29.1668 364
235.105 118.144 29.6117 365
220.816 116.89 28.2806 366
224.954 132.239 26.9762 631
236.694 121.506 22.7878 636
235.72 120.912 21.7895 637
235.872 122.705 21.9605 639
223.866 163.553 30.0509 649
216.457 133.138 29.2501 661
230.712 178.83 17.8365 673
221.411 126.77 28.8642 678
236.409 112.738 22.1394 689
237.183 113.768 22.6371 690
237.573 112.509 22.8967 692
217.884 119.714 32.0806 696
229.553 167.884 16.705 713
227.451 167.3 15.2812 714
228.112 169.645 15.4694 716
227.954 127.037 25.7854 726
219.985 112.97 30.7705 732
220.588 122.625 24.3172 738
233.118 139.989 22.5878 749
232.729 142.272 22.2451 750
232.999 141.337 24.2315 752
214.294 114.805 32.8952 762
230.449 115.509 23.6041 803
230.755 116.666 22.8082 804
231.378 115.477 22.503 806
216.094 125.159 22.9249 815
217.298 125.377 22.5046 816
216.954 124.147 22.78 818
218.107 175.122 16.7305 822
231.115 139.479 19.409 839
230.53 176.007 25.2675 844
230.986 177.642 24.0662 845
229.899 178.067 25.9236 847
236.755 108.037 30.515 850
213.446 110.968 26.2773 857
215.011 132.456 26.9028 862
215.388 134.063 26.4172 863
215.05 132.919 25.3057 865
219.572 110.383 28.2863 868
219.903 111.717 28.402 869
219.933 110.884 29.522 871
212.561 107.694 27.3093 874
224.257 140.749 17.8581 916
214.326 116.138 32.5143 921
214.338 117.445 32.1198 922
213.409 116.601 31.6475 924
222.932 156.486 15.825 926
225.312 157.102 15.6045 927
224.861 154.683 15.8991 929
216.944 172.322 24.1205 932
217.826 121.723 23.158 937
218.561 122.477 22.9998 938
218.879 121.695 23.4543 940
215.833 128.764 30.0798 942
217.399 128.519 30.8298 943
216.591 129.997 30.41 945
210.843 106.802 31.1508 954
211.047 107.58 29.8354 956
211.06 107.922 31.3915 958
231.894 125.319 29.28 960
232.368 124.327 29.352 961
233.227 125.472 29.1693 963
219.171 108.938 28.2033 976
230.493 150.106 18.519 980
228.358 148.891 17.3283 981
228.688 150.906 17.2179 983
235.717 126.832 27.1592 1007
236.146 125.37 27.1124 1008
236.429 126.233 25.9909 1010
221.581 168.042 29.1924 1018
220.254 165.574 28.6931 1019
223.005 166.239 29.7216 1021
212.053 115.098 28.8909 1034
212.212 116.204 28.719 1035
212.244 115.259 27.8298 1037
219.914 143.861 29.8243 1040
218.895 145.153 28.7259 1041
218.301 142.915 28.5779 1043
234.668 110.071 30.4875 1047
232.361 110.028 22.9242 1053
215.991 105.12 26.9825 1079
216.636 117.596 32.7011 1083
222.273 165.996 14.9553 1087
221.488 163.139 15.4952 1088
219.735 165.165 16.2933 1090
225.597 131.613 23.9851 1093
225.14 131.874 25.4242 1094
224.323 131.728 24.4574 1096
234.039 126.208 28.7847 1099
226.283 135.822 18.8318 1103
227.342 137.581 18.3316 1104
228.489 136.296 18.7048 1106
231.536 113.157 22.9189 1120
231.241 111.997 23.5915 1121
230.758 113.161 23.9545 1123
221.385 159.862 29.7205 1126
221.019 157.488 29.7145 1127
222.892 157.814 30.4049 1129
219.857 130.544 21.2767 1132
219.129 129.021 21.658 1133
218.286 130.443 21.2001 1135
231.315 179.46 22.5931 1138
231.51 177.376 21.7845 1139
232.195 115.551 29.527 1143
232.648 117.124 29.688 1144
231.343 116.764 28.9952 1146
224.381 151.906 16.254 1154
226.757 152.563 16.3308 1155
213.105 121.722 28.0954 1158
212.966 120.493 28.7915 1159
213.494 121.68 29.5276 1161
218.426 127.825 21.9142 1164
219.907 128.048 22.3425 1166
231.213 132.976 19.4545 1176
220.732 177.885 28.1022 1193
227.438 173.458 28.4404 1204
234.79 110.599 21.9398 1208
235.652 111.653 21.9302 1209
236.033 110.416 22.0761 1211
222.887 142.632 17.6797 1214
225.066 143.101 17.4278 1215
213.227 121.725 26.3494 1224
230.858 128.817 19.7699 1227
230.476 130.313 19.5935 1228
232.083 129.964 19.7571 1230
235.232 131.576 25.0466 1239
234.763 133.026 25.0918 1240
234.578 132.081 26.3458 1242
231.497 119.84 29.1489 1259
230.305 120.562 28.2507 1260
230.518 119.059 28.3841 1262
228.141 129.131 26.8228 1279
228.943 128.65 27.7437 1280
228.731 129.951 27.726 1282
235.567 117.119 29.6001 1290
234.361 117.039 29.8874 1291
234.837 116.018 29.945 1293
231.961 158.377 21.0828 1297
232.316 147.505 25.058 1302
232.309 144.985 25.6664 1303
232.599 146.154 23.2301 1305
224.478 179.731 28.6461 1314
225.829 181.73 28.237 1315
223.21 181.656 28.4812 1317
239.11 111.022 27.3302 1320
220.167 119.457 25.0666 1324
221.053 120.486 25.993 1325
220.965 119.366 26.4705 1327
218.708 149.66 18.8822 1346
217.846 151.962 19.8196 1347
219.533 151.702 17.9063 1349
237.403 120.744 23.9771 1353
217.414 109.574 26.269 1356
236.596 113.023 29.804 1383
218.393 110.708 33.1374 1388
230.99 165.265 25.9634 1400
216.487 116.114 24.4072 1411
222.624 129.85 25.5136 1417
216.276 107.959 34.6807 1423
231.58 139.716 27.8155 1430
230.115 131.661 19.4272 1440
229.679 133.204 19.2395 1441
212.343 111.632 32.3412 1444
217.765 149.266 26.3445 1456
235.634 127.032 22.3509 1461
235.824 125.658 22.2762 1462
234.811 126.258 21.4472 1464
218.899 132.292 30.9332 1480
217.813 131.209 30.7471 1481
219.371 130.783 30.9501 1483
220.307 154.003 17.1505 1486
217.336 133.953 29.8631 1489
235.774 130.088 24.9359 1495
239.261 110.89 25.8623 1500
239.488 109.542 26.7521 1501
228.488 131.283 27.863 1504
220.098 155.257 29.2355 1509
216.598 140.094 23.8209 1518
217.214 140.721 21.9529 1519
216.996 138.653 22.1594 1521
233.072 131.003 20.2681 1533
232.746 132.599 20.133 1534
233.878 132.139 21.2007 1536
229.874 115.847 26.3223 1539
230.289 114.824 27.3187 1540
230.322 116.182 27.7477 1542
217.404 112.082 25.5528 1545
216.07 112.356 25.2446 1546
217.087 113.618 25.053 1547
217.861 116.391 24.5321 1558
218.896 116.568 24.9687 1559
218.59 115.563 25.095 1561
217.943 145.925 27.1854 1570
236.933 115.406 29.1279 1580
228.377 124.313 25.901 1584
228.629 122.966 25.991 1585
229.015 123.769 27.1222 1587
231.569 105.578 27.0551 1602
221.912 131.3 30.1111 1606
231.567 175.186 20.8596 1611
218 110.94 26.1763 1616
229.574 130.871 28.4634 1619
217.913 127.262 30.967 1623
217.212 125.897 31.0025 1624
218.598 125.805 30.9808 1626
231.202 141.437 19.4352 1633
216.894 164.82 21.0561 1641
217.886 164.635 18.434 1642
217.518 162.498 19.4468 1644
214.887 124.972 23.8569 1653
212.312 110.253 32.8636 1657
213.258 111.225 33.3857 1658
220.026 133.474 31.0442 1660
218.498 133.895 30.6414 1661
216.552 136.659 22.7165 1664
232.009 114.204 22.3061 1683
229.779 149.814 28.7453 1688
220.778 136.777 31.0022 1693
220.209 142.41 18.6484 1696
211.29 109.666 30.8539 1700
217.21 148.678 24.7189 1705
217.448 147.141 25.6998 1706
231.087 118.046 22.1643 1723
218.366 157.924 18.5196 1728
218.123 160.344 18.6142 1729
219.457 159.947 17.1174 1731
236.022 119.099 29.0179 1734
235.531 120.365 29.0647 1735
234.58 119.403 29.5844 1737
219.174 146.922 28.753 1765
231.478 173.043 20.0372 1773
231.254 170.767 19.2451 1774
230.565 172.522 17.761 1776
220.549 116.628 29.8812 1778
220.753 118.091 29.5727 1779
219.97 117.864 30.9935 1781
232.217 107.808 23.6141 1784
231.838 148.31 20.281 1802
231.203 162.788 25.8956 1808
231.459 160.406 25.692 1809
231.933 161.769 23.6952 1811
232.731 135.309 27.4478 1814
233.109 134.019 27.4414 1815
233.641 134.806 26.3568 1817
227.305 143.169 17.6116 1821
220.422 114.258 28.6624 1829
218.562 177.655 26.5668 1834
234.82 123.49 21.288 1845
220.975 153.161 29.9405 1853
218.958 152.965 28.1847 1854
229.681 118.486 27.008 1857
230.492 117.726 28.2404 1858
220.031 114.167 30.8204 1860
220.203 115.506 30.5853 1861
219.627 115.064 31.5306 1862
230.886 113.647 28.1999 1877
231.631 112.647 29.0063 1878
231.891 114.215 29.3137 1880
232.857 119.506 29.6335 1882
232.62 121.019 29.5086 1883
228.931 121.649 26.0197 1901
214.976 106.481 26.5552 1909
216.594 106.307 26.85 1910
229.513 152.285 28.8683 1912
227.888 150.819 29.9966 1913
233.927 125.39 20.956 1927
233.829 126.771 20.8986 1928
221.636 151.765 16.7729 1930
223.498 149.562 16.6339 1931
211.362 108.44 28.9854 1934
216.044 137.363 25.6557 1937
211.461 108.826 32.1349 1941
230.938 146.403 19.1524 1950
227.272 140.183 30.4683 1960
228.804 141.525 29.85 1961
227.158 142.346 30.539 1963
236.43 123.916 27.2851 1965
235.417 124.429 28.2367 1966
211.859 113.815 29.2977 1977
228.629 122.267 24.7059 1983
228.71 122.879 23.4279 1984
229.122 121.607 23.5037 1986
211.402 107.289 28.7793 1989
234.947 121.835 29.1059 1996
221.524 122.148 27.796 2001
221.44 121.66 26.4665 2002
221.659 123.294 26.6936 2004
230.675 133.33 28.817 2010
230.987 131.711 28.829 2011
232.257 132.813 28.3901 2012
231.655 157.917 25.5496 2042
228.177 181.707 27.1252 2046
229.011 179.77 26.6698 2047
229.898 181.671 25.4564 2049
222.384 129.142 27.5341 2058
222.8 130.385 27.7246 2059
222.306 129.836 28.468 2060
214.497 129.241 28.0309 2063
230.012 120.896 22.4682 2081
223.768 139.737 31.0916 2092
223.994 137.598 31.0199 2093
225.772 138.881 30.784 2095
229.915 128.201 28.5641 2108
229.13 127.357 27.8337 2110
228.561 163.03 16.1959 2119
233.383 118.268 29.7787 2121
231.398 126.694 29.1402 2130
220.274 127.191 30.3451 2136
238.569 112.271 28.0533 2141
211.387 109.894 29.2941 2154
211.754 109.603 28.2408 2155
227.138 131.98 27.177 2157
227.758 132.716 28.1414 2158
225.25 143.152 30.9556 2164
223.675 143.91 31.0137 2165
223.991 141.77 31.0648 2167
231.6 173.435 22.4812 2171
228.375 124.192 23.378 2172
229.168 123.627 22.304 2174
214.891 108.184 34.7849 2182
239.016 110.287 24.5675 2187
235.431 130.86 23.6015 2195
229.461 120.151 23.5162 2196
229.656 119.043 23.6389 2197
229.143 119.862 24.869 2198
233.62 121.71 29.5041 2206
232.177 122.058 29.3719 2207
238.394 110.842 28.8266 2221
232.879 107.137 29.7809 2239
233.169 108.408 30.0247 2240
233.989 107.484 30.4396 2241
237.896 117.938 26.9039 2263
237.616 119.306 26.9378 2264
237.089 118.637 28.1493 2265
230.929 109.691 27.0026 2266
231.04 110.865 27.8732 2267
230.719 110.923 26.8635 2269
225.949 144.993 17.1732 2272
220.995 119.901 29.2293 2276
221.141 121.475 29.0734 2277
220.248 120.899 30.5067 2279
236.823 115.183 22.4103 2282
237.806 114.944 23.4017 2283
230.44 158.906 27.5417 2285
228.76 159.945 29.036 2286
229.058 157.456 28.9987 2287
232.255 129.885 28.8325 2296
233.123 128.568 28.801 2297
233.423 129.857 28.3959 2299
221.295 170.531 14.8442 2303
228.984 130.626 19.9625 2307
220.526 126.983 23.0026 2310
239.546 108.313 27.6244 2321
227.409 170.278 28.7689 2326
227.253 167.548 29.1083 2327
229.709 169.042 27.2434 2329
231.701 169.725 22.9329 2331
231.829 167.562 22.235 2332
231.708 169.132 20.9372 2333
212.364 110.279 27.3209 2334
212.413 111.734 27.214 2335
234.484 125.205 28.7366 2340
219.022 135.314 20.2917 2347
214.381 118.792 31.7174 2351
214.325 120.07 31.2643 2352
213.468 119.154 30.7031 2353
212.442 113.069 31.8624 2356
211.81 112 31.1096 2357
225.793 159.678 15.3658 2358
213.543 124.251 28.2646 2361
213.503 124.279 26.5041 2362
213.274 123.005 27.1213 2364
230.29 114.374 24.4724 2372
218.939 157.285 28.0267 2375
217.04 156.736 23.9147 2378
226.577 130.694 23.5818 2387
222.791 134.502 19.799 2407
223.136 136.277 19.0464 2408
224.789 135.325 19.1982 2409
212.121 114.715 30.1991 2412
214.582 122.241 24.2331 2413
215.024 120.652 24.0113 2414
213.885 121.377 24.9857 2416
233.533 127.512 28.8077 2418
232.324 127.519 29.1106 2420
214.833 111.545 25.5682 2423
225.811 151.6 30.7268 2430
225.115 154.434 30.9013 2431
223.16 152.672 30.8068 2433
223.088 132.48 29.8263 2435
221.783 132.995 30.7971 2436
217.459 145.559 21.6582 2445
220.209 113.081 28.6082 2449
219.719 112.606 27.4038 2451
218.075 175.43 26.13 2454
217.252 176.913 24.7956 2455
218.299 135.193 30.303 2457
233.305 121.936 20.9885 2461
217.865 156.158 19.438 2466
219.102 155.758 17.8683 2468
228.136 178.093 27.5414 2471
222.223 147.198 17.1869 2476
213.329 120.132 25.853 2481
229.628 117.737 24.4979 2483
222.44 161.986 29.9363 2493
229.782 127.924 20.2806 2502
231.359 127.5 20.1358 2504
233.658 136.299 22.4334 2506
233.386 138.101 22.7738 2507
233.649 137.219 24.2439 2509
219.439 107.532 30.3008 2517
216.67 135.942 28.3738 2520
217.746 136.57 29.4604 2521
217.108 137.316 28.5183 2523
231.763 110.074 28.8971 2533
231.538 111.304 28.766 2534
212.761 116.98 30.5553 2536
212.816 118.113 30.0563 2537
212.396 117.133 29.2717 2538
216.471 176.418 22.1907 2542
218.328 107.363 33.4504 2548
217.415 107.666 34.2154 2549
217.724 106.454 34.1244 2550
216.604 121.85 31.6838 2552
231.736 119.332 21.5563 2555
231.078 120.599 21.6932 2556
232.659 120.566 21.1412 2557
221.446 125.051 24.6924 2570
226.1 134.666 29.5449 2580
231.588 108.782 24.1672 2583
232.359 108.946 23.1741 2584
216.974 127.673 22.119 2586
215.558 127.572 22.9995 2587
216.058 128.86 22.4464 2589
220.671 117.558 26.8322 2599
229.318 119.248 26.1319 2619
222.654 145.708 30.8151 2633
213.431 108.394 26.635 2644
236.382 117.75 29.0422 2647
219.398 113.626 26.4597 2662
221.863 130.109 29.4342 2675
220.714 130.507 30.598 2676
232.786 138.446 26.465 2678
232.522 138.962 20.9151 2687
232.901 106.739 23.2222 2689
217.136 169.778 19.1772 2702
216.67 168.456 21.976 2703
216.611 171.275 21.1615 2705
235.172 119.526 21.4957 2714
212.15 108.5 33.3713 2717
230.331 163.904 17.7945 2721
230.005 161.408 17.5211 2722
216.948 160.811 23.5258 2728
217.057 160.515 21.1965 2729
216.943 158.64 22.553 2730
221.085 123.138 29.2306 2732
218.615 113.265 32.6966 2735
221.088 118.701 27.9273 2738
218.091 173.37 26.2497 2747
231.888 165.568 22.0845 2749
227.517 128.252 23.3891 2752
237.734 120.09 25.6101 2757
216.761 180.314 18.4081 2768
214.118 125.362 29.0053 2772
226.617 146.819 30.613 2773
226.115 149.124 30.6748 2774
224.419 147.597 30.905 2776
221.671 133.528 20.3191 2784
220.668 131.835 20.9999 2785
220.094 133.709 20.271 2787
211.638 112.273 29.5701 2789
222.196 140.493 31.0042 2805
214.678 130.816 27.5747 2817
214.244 129.812 26.256 2818
226.838 133.359 19.7696 2826
235.4 107.744 30.7176 2831
235.723 109.071 30.5891 2832
231.177 122.751 28.9994 2834
230.028 123.266 28.2668 2835
230.173 121.878 28.2025 2837
216.825 117.09 24.1947 2845
231.982 150.414 20.4286 2854
232.036 153.217 20.6384 2855
232.451 151.473 22.8474 2857
231.575 106.569 25.2214 2868
232.034 105.447 24.6742 2869
232.084 106.561 24.1715 2870
219.966 138.237 30.6258 2871
218.828 136.536 30.3463 2872
236.802 125.624 24.6518 2874
236.401 127.08 24.724 2875
214.193 128.57 25.1189 2880
234.525 122.895 29.1223 2885
234.738 123.737 28.8623 2886
233.443 123.617 29.3206 2887
220.634 115.753 29.032 2891
218.424 141.925 20.0808 2896
216.353 131.427 29.8008 2902
230.207 144.996 28.805 2904
217.018 108.9 34.2525 2906
231.852 155.366 25.379 2907
232.248 156.832 23.2777 2908
216.5 112.228 33.8269 2914
216.381 111.146 34.047 2915
217.447 111.71 33.6206 2917
214.322 121.449 30.8088 2920
215.388 121.023 31.6249 2922
215.608 110.397 34.3005 2931
234.641 114.078 21.6357 2943
235.203 112.907 21.7762 2944
233.837 113.01 21.7792 2945
218.231 180.056 15.9814 2949
217.392 177.875 17.4338 2950
217.495 120.041 23.5602 2952
218.508 120.052 23.7856 2953
217.844 119.198 23.8151 2955
217.063 152.239 22.0015 2963
219.594 124.532 22.8008 2969
218.759 125.57 22.4512 2970
220.099 125.726 22.9077 2972
231.473 143.992 27.4838 2973
232.438 142.687 25.8712 2974
217.123 148.247 22.5175 2978
217.083 150.38 23.2365 2980
220.944 128.211 29.8587 2981
221.553 127.877 28.9671 2982
221.541 128.827 29.3036 2983
219.634 129.422 30.8175 2987
220.119 128.167 30.5338 2990
228.519 128.419 21.0363 2997
221.49 158.191 16.0452 3001
221.944 127.552 25.1109 3005
236.844 107.415 22.4294 3012
235.498 107.618 22.196 3013
236.527 109.164 22.2711 3014
218.462 106.099 28.3519 3017
217.879 106.756 27.4667 3018
218.817 107.8 28.1288 3020
232.638 140.396 26.2249 3026
219.109 118.799 31.6961 3030
219.158 120.285 31.4477 3031
234.123 108.666 22.2586 3033
234.137 117.994 21.3072 3040
233.345 116.646 21.4442 3041
232.601 117.988 21.4319 3043
213.296 113.963 32.4965 3044
212.541 114.397 31.4152 3046
232.678 113.093 22.1354 3051
221.979 126.644 26.0835 3053
221.717 126.353 24.937 3054
219.199 123.481 30.9395 3058
214.816 118.329 24.4622 3061
215.441 119.472 23.979 3062
216.123 118.051 24.0435 3064
229.702 140.078 18.4981 3066
219.287 172.798 15.8126 3071
220.668 175.359 14.6408 3072
214.536 130.091 24.672 3073
223.44 131.994 22.3205 3076
223.305 132.89 20.9841 3077
224.575 132.556 21.4438 3079
213.732 125.779 26.097 3087
224.517 135.443 30.5707 3093
222.546 136.284 31.1056 3094
218.609 170.264 16.7402 3100
234.172 109.766 22.1073 3101
233.788 111.005 22.037 3102
220.438 181.504 27.7092 3104
218.306 181.269 26.1101 3105
219.434 179.408 27.2278 3107
228.096 180.497 14.7287 3108
217.894 122.802 31.4008 3113
216.375 139.147 25.5479 3121
216.598 138.392 27.1594 3122
216.966 144.351 23.8132 3130
216.887 143.181 25.4358 3131
217.24 145.364 25.6221 3133
225.931 134.073 19.6288 3134
225.429 133.064 20.5163 3135
237.781 111.339 23.013 3138
238.211 110.089 23.336 3139
237.299 110.227 22.6093 3140
222.323 130.926 22.9323 3149
224.776 161.733 30.2185 3170
234.09 124.311 21.0045 3173
214.996 131.634 24.1178 3177
231.56 126.223 20.4264 3183
213.866 106.292 26.7903 3186
219.2 121.856 31.18 3192
224.208 132.317 28.2148 3201
224.597 133.497 29.4027 3202
224.775 156.98 30.6732 3207
227.355 155.884 30.1498 3208
232.539 122.768 20.926 3220
233.909 122.923 20.9934 3221
215.384 112.915 33.7179 3222
216.485 113.536 33.5684 3223
227.665 157.954 16.0907 3235
230.935 154.742 18.711 3243
229.135 153.749 17.1347 3244
229.398 156.326 17.1842 3245
221.979 170.374 29.1427 3249
219.514 137.307 19.8082 3254
220.224 123.597 23.4948 3262
221.092 123.77 24.4856 3263
228.449 176.207 15.2614 3265
226.064 175.896 14.1083 3266
227.07 178.188 14.3117 3268
229.121 120.356 26.0075 3271
228.001 124.91 24.6701 3273
228.163 125.679 25.8857 3275
231.935 160.852 21.4375 3281
231.908 163.244 21.6784 3282
215 128.73 29.1191 3286
215.465 127.357 30.0246 3287
227.211 147.436 17.1004 3290
224.986 147.356 16.7688 3292
230.818 169.97 25.5994 3293
230.774 167.254 26.049 3294
216.837 164.377 23.2214 3295
216.731 166.505 22.0995 3296
227.465 136.155 29.7661 3298
227.521 134.095 28.932 3299
212.753 115.817 26.6982 3301
212.627 114.708 26.8791 3302
235.928 124.092 22.1445 3306
236.542 124.837 23.232 3307
212.669 115.7 31.0116 3308
231.244 171.566 24.4147 3309
214.453 114.566 25.2017 3312
230.689 122.037 21.6336 3317
214.17 127.833 27.9393 3319
214.264 122.741 30.2016 3322
219.331 124.836 30.8018 3327
230.117 118.067 23.2159 3330
232.182 149.994 25.0243 3331
220.767 142.096 30.5498 3335
231.525 106.712 27.6612 3336
231.375 106.576 26.4028 3337
234.168 113.625 30.1866 3339
220.122 148.483 29.4755 3348
223.996 171.076 14.2334 3350
223.001 168.492 14.5602 3351
218.52 111.791 32.9229 3353
238.212 115.998 24.4637 3360
238.495 114.572 24.7301 3361
221.606 124.128 25.6354 3364
221.742 177.731 13.9901 3365
216.016 135.058 27.6054 3368
216.439 134.369 28.703 3369
218.843 115.942 32.2263 3372
220.523 115.413 27.9215 3378
219.887 114.858 26.6174 3379
220.408 116.282 26.9108 3380
221.351 134.593 31.0898 3382
211.428 110.859 30.0858 3387
233.851 135.811 25.1746 3389
214.311 110.754 34.035 3391
214.258 112.168 33.633 3392
230.224 176.65 17.0754 3393
229.587 174.332 16.3883 3394
226.86 144.49 30.6152 3395
235.104 129.963 22.3328 3397
235.394 128.506 22.381 3398
234.445 129.102 21.3793 3399
231.11 110.963 24.1819 3407
234.692 127.207 28.1707 3408
235.302 128.148 27.275 3409
228.384 162.352 29.0631 3420
218.94 114.599 25.6503 3421
217.951 114.395 25.1169 3422
217.96 133.571 20.921 3424
216.575 130.391 21.9262 3426
214.888 110.108 25.8241 3428
238.785 109.2 23.9414 3429
232.638 127.209 20.4152 3431
233.591 128.069 20.7437 3432
229.254 146.576 17.939 3437
232.05 155.828 20.9235 3438
233.894 112.311 30.2258 3440
235.259 112.687 30.2552 3441
217.808 152.933 26.3552 3442
218.319 150.836 27.3824 3443
236.797 116.705 28.9492 3445
237.56 115.983 28.3371 3446
217.088 162.932 24.4601 3448
217.441 164.617 25.4636 3449
239.324 107.983 24.6078 3453
239.72 108.185 26.1583 3454
239.795 106.813 25.4416 3455
229.96 147.333 28.8146 3461
231.2 148.775 27.2403 3462
229.325 154.877 28.9793 3466
237.289 120.861 26.9722 3469
236.855 122.382 27.1955 3470
236.237 121.482 28.2796 3472
218.681 109.674 32.9203 3476
214.084 117.356 25.0734 3482
214.354 116.059 25.0461 3483
213.204 116.57 26.0211 3484
232.547 136.946 27.258 3486
231.777 136.092 28.1411 3487
223.427 131.221 27.3344 3493
230.051 180.727 16.6469 3494
231.118 181.058 18.9134 3495
227.032 175.756 28.3935 3500
217.727 137.246 21.1249 3502
217.369 154.251 20.688 3505
217.081 156.441 21.5753 3506
231.654 166.15 24.0693 3514
227.085 183.692 27.5606 3519
215.392 115.551 33.07 3522
216.633 114.654 24.7394 3524
215.589 115.413 24.6585 3525
217.026 107.98 26.5497 3528
216.538 178.651 22.827 3530
237.592 119.158 23.9312 3534
216.322 120.361 23.5457 3537
217.013 121.165 23.2921 3538
230.954 127.745 29.0257 3540
230.775 129.043 28.8988 3541
234.438 133.082 22.3453 3542
234.832 131.522 22.3867 3543
218.789 128.434 30.9153 3545
215.426 118.263 32.3753 3546
231.135 130.369 28.8701 3552
214.014 124.486 25.0757 3553
226.641 160.856 29.9883 3554
225.205 159.338 30.4077 3555
217.974 147.27 20.2974 3557
229.473 174.088 26.891 3559
217.639 114.124 33.1545 3560
216.552 114.857 33.2883 3561
217.418 139.073 28.4152 3563
234.114 134.64 22.4122 3568
234.567 133.906 23.812 3569
231.298 183.164 19.9539 3574
231.4 181.276 21.3283 3575
219.997 126.188 30.4443 3589
220.765 126.236 29.7185 3590
231.096 109.809 24.7559 3593
219.831 117.052 25.616 3594
231.56 107.86 28.1718 3595
231.99 106.898 28.7528 3596
231.343 137.605 19.6248 3597
221.608 125.053 28.0432 3604
215.195 126.179 23.4787 3605
218.183 159.232 26.9613 3607
227.601 127.599 24.6373 3610
227.722 126.937 23.4117 3611
218.313 167.44 17.4314 3612
231.944 135.809 19.9853 3618
216.602 123.448 31.3077 3627
216.352 124.832 30.971 3628
215.145 123.756 30.7197 3629
212.697 117.123 26.9092 3631
212.392 117.318 28.1923 3632
212.601 118.09 27.4218 3634
225.009 166.567 14.6666 3636
229.715 158.937 17.3399 3641
231.191 159.821 19.2071 3642
228.898 172.078 15.8652 3644
218.7 114.608 32.481 3645
216.001 109.215 25.9675 3646
216.567 116.218 32.9982 3652
236.354 111.738 30.1165 3658
236.036 110.376 30.3951 3659
237.325 110.69 29.8216 3660
227.633 131.048 20.766 3662
212.579 113.285 26.9453 3667
216.968 168.016 24.1347 3668
224.94 173.468 14.0823 3671
230.35 113.302 26.8098 3673
231.022 108.736 26.4915 3676
231.209 108.657 27.5314 3677
234.781 129.621 27.3663 3681
234.028 130.988 27.6096 3682
218.925 117.338 31.9978 3683
222.021 175.633 28.7534 3684
223.205 177.328 28.8378 3685
233.427 129.53 20.5722 3689
236.743 114.371 29.4748 3692
217.723 109.613 33.7692 3694
219.524 119.911 24.3535 3698
219.236 120.71 23.9378 3700
230.219 142.691 28.9076 3701
227.523 129.64 25.7805 3704
227.775 128.358 25.764 3705
230.721 110.91 25.3409 3707
230.471 112.026 26.2482 3708
217.867 126.505 22.1965 3713
238.47 107.775 23.4106 3717
214.473 107.426 26.4243 3723
218.897 108.241 32.6462 3727
219.002 107.019 32.3694 3728
214.517 109.553 34.4063 3730
213.614 108.513 34.4053 3731
238.123 116.46 27.0881 3732
238.308 115.172 27.2966 3733
227.956 125.531 23.3484 3735
214.479 108.548 26.2085 3737
217.164 152.674 24.1718 3738
217.371 154.79 25.1886 3739
219.613 108.71 30.4317 3742
219.448 108.368 29.2746 3743
225.796 139.176 18.0755 3745
215.37 130.32 23.0995 3746
213.941 127.161 25.6459 3755
213.767 126.927 27.1858 3756
231.5 122.983 21.0757 3758
230.251 123.212 21.5492 3759
238.334 112.36 23.7757 3760
238.79 112.995 24.9886 3761
238.995 111.819 25.1223 3762
217.703 156.989 26.0913 3766
228.523 126.465 26.9592 3769
233.001 124.827 20.731 3771
232.087 123.934 20.795 3772
231.946 125.004 20.6404 3773
218.516 165.264 27.1652 3774
219.566 163.487 28.3205 3775
227.139 129.616 23.3852 3776
227.033 130.127 24.7821 3777
220.233 179.977 14.3929 3778
222.905 180.1 13.5141 3779
232.471 144.214 21.7961 3786
232.199 146.709 21.1771 3787
221.014 128.311 23.1303 3795
229.34 126.001 27.9409 3799
216.51 173.629 21.2938 3801
227.603 129.04 22.2206 3802
212.369 107.222 34.0474 3804
219.067 182.352 14.9228 3807
234.572 114.958 30.0811 3808
233.215 114.576 29.9542 3809
237.947 117.468 24.2764 3815
238.246 117.042 25.7325 3816
215.744 126.215 30.4441 3819
223.315 131.351 23.7879 3820
237.032 124.069 24.4679 3821
215.501 131.829 28.5939 3822
216.664 120.444 32.0411 3824
220.009 139.742 19.1723 3825
221.609 137.876 18.9296 3826
233.327 137.584 25.4911 3827
218.783 109.854 27.2235 3829
222.285 128.937 25.3039 3830
215.922 136.271 24.4199 3833
215.753 135.604 26.056 3834
235.438 115.33 21.709 3837
234.081 115.416 21.5078 3839
217.235 142.158 27.1276 3840
222.416 128.815 26.4923 3843
237.174 123.223 25.8048 3845
221.838 127.422 28.2027 3850
222.031 127.066 27.1867 3851
222.243 128.159 27.3131 3852
221.874 125.856 27.0119 3854
237.257 122.497 24.3293 3855
227.454 138.051 30.1799 3858
229.465 121.114 27.193 3860
233.217 111.911 22.0948 3862
228.976 137.43 29.5212 3864
217.265 183.135 24.6141 3868
216.793 181.015 23.6975 3869
229.399 125.697 21.2258 3870
221.188 124.507 29.0187 3871
216.776 175.388 19.2346 3874
233.174 109.104 22.5712 3875
226.739 131.4 21.4659 3880
227.451 132.14 20.1966 3881
214.255 113.447 33.2745 3882
217.801 166.71 26.1045 3883
221.199 125.761 29.0419 3884
223.165 130.713 26.3306 3885
231.991 152.77 25.2537 3886
232.654 111.886 29.7647 3890
221.585 129.618 23.2094 3891
230.122 136.33 19.0573 3900
215.516 133.22 23.6247 3901
216.098 134.932 23.099 3902
216.5 133.545 22.0634 3904
235.782 115.043 29.8296 3905
213.403 113.838 25.9932 3907
219.659 147.011 18.401 3908
216.695 141.18 25.3494 3909
237.658 113.359 28.9668 3910
225.523 132.073 21.8177 3913
235.872 118.192 21.8497 3914
238.534 113.571 27.5549 3917
228.876 127.034 21.1232 3923
212.903 119.356 29.4968 3925
230.043 144.921 18.47 3928
235.005 106.48 30.7629 3930
222.161 148.005 30.6005 3931
219.355 109.329 31.8319 3933
219.731 110.114 30.831 3934
236.055 127.845 23.4666 3935
217.894 140.943 28.5493 3939
218.753 139.786 29.6473 3940
216.587 109.906 34.2396 3942
231.9 142.8 20.3283 3945
221.421 144.319 30.5941 3946
220.827 121.705 24.9569 3947
219.855 121.57 24.0719 3948
226.668 171.502 14.6421 3949
214.536 113.158 25.3848 3952
227.117 130.818 25.9347 3955
233.148 135.387 21.1084 3958
221.272 130.693 22.0127 3959
231.478 164.638 19.8591 3960
225.359 165.961 29.7901 3961
228.044 164.806 29.0043 3962
228 139.683 18.0912 3963
228.172 141.621 17.929 3964
233.482 132.404 27.605 3968
230.454 136.636 28.8941 3972
230.518 134.965 28.8986 3973
219.262 117.811 24.8254 3975
226.19 132.059 26.5321 3984
233.388 109.646 30.1459 3986
232.314 109.301 29.4189 3987
237.937 108.182 29.9165 3990
237.686 106.888 30.3096 3991
212.688 119.366 28.0251 3994
223.365 175.489 13.8782 3995
221.855 128.673 24.216 3997
234.437 106.927 22.4054 4001
229.758 124.605 28.2096 4002
230.563 125.527 28.8935 4003
220.276 113.429 29.7179 4004
220.969 144.725 17.9284 4006
232.603 105.961 29.4403 4007
232.662 111.105 22.4951 4008
232.104 123.452 29.3282 4011
218.507 118.309 24.2532 4014
219.551 118.745 24.7441 4015
223.111 130.781 25.1445 4016
221.712 183.568 28.0421 4018
228.009 133.25 19.4678 4022
229.101 134.49 19.0483 4023
214.124 124.051 29.6012 4025
218.951 123.404 22.7902 4028
229.195 133.865 28.9226 4030
229.907 163.86 27.6476 4031
221.079 155.799 16.5352 4033
230.89 153.834 27.333 4034
220.419 123.848 30.0798 4035
214.601 127.397 24.1716 4036
231.233 107.651 25.8421 4037
221.604 150.397 30.3387 4039
231.271 176.983 19.3425 4040
219.351 112.24 31.97 4042
219.824 111.482 30.9454 4043
229.649 116.912 25.3948 4045
229.937 115.613 24.92 4046
222.013 173.577 28.9128 4048
219.697 174.096 27.7644 4049
230.79 143.386 19.0492 4050
213.632 118.832 25.3988 4051
212.901 119.178 26.7138 4052
231.875 110.957 23.1383 4054
230.651 125.372 20.7364 4057
229.783 124.463 21.4006 4058
238.755 113.98 26.1805 4060
213.271 105.555 27.1445 4064
212.832 106.542 27.2391 4065
217.294 131.867 21.3815 4066
217.763 168.662 25.9755 4067
238.954 108.322 28.8645 4068
238.23 109.536 29.3649 4069
228.279 126.256 22.1822 4071
217.547 161.05 25.7689 4072
232.272 134.139 20.0307 4074
233.651 110.966 30.2215 4075
226.785 164.742 15.1981 4076
221.101 160.58 15.9277 4077
217.509 118.284 23.9752 4078
229.489 117.954 25.8969 4079
216.593 123.249 22.9987 4080
217.837 123.49 22.7308 4081
234.23 134.514 25.1681 4083
216.294 180.525 21.0217 4086
216.393 182.645 19.268 4087
225.67 180.194 13.668 4088
239.52 107.025 28.3723 4089
231.684 108.846 28.6184 4090
236.332 116.511 22.1074 4091
214.588 123.451 24.2009 4092
219.043 105.793 32.0194 4093
219.304 106.686 31.0686 4094
226.11 131.385 22.6379 4095
228.07 129.776 21.0112 4096
215.351 107.006 35.0425 4097
237.067 118.04 22.8452 4099
224.073 182.364 13.2743 4100
228.995 143.564 18.0122 4103
231.141 108.716 25.3066 4104
226.232 162.278 15.2252 4105
223.819 161.462 15.1002 4106
218.854 112.321 26.3757 4108
212.613 108.827 27.1571 4109
216.659 122.051 23.1662 4110
211.904 112.608 28.2721 4112
224.534 171.85 29.3465 4115
236.139 128.541 24.7685 4116
217.781 116.847 32.6464 4117
221.765 124.607 26.9594 4118
212.075 106.98 27.8317 4119
211.509 106.13 28.5709 4120
217.968 171.005 26.1827 4121
219.185 106.337 29.9105 4122
214.775 126.218 29.6408 4123
214.058 126.458 28.3897 4124
234.029 120.712 21.133 4125
218.871 149.3 28.1932 4126
235.657 129.194 26.2193 4127
230.3 138.558 28.9188 4128
221.141 126.005 23.8083 4129
230.341 140.536 28.8578 4131
229.07 182.702 15.4054 4132
219.378 169.697 27.7924 4133
230.763 173.684 25.164 4134
237.638 106.217 22.7782 4135
223.622 138.709 18.3581 4138
215.821 122.734 23.3854 4139
216.638 118.976 32.3904 4140
218.627 105.193 29.0451 4141
230.96 168.611 18.606 4142
230.62 166.24 18.0853 4143
230.303 113.278 25.2866 4144
220.542 140.076 30.6507 4145
232.571 115.429 21.805 4146
218.8 161.346 27.6946 4147
220.595 161.656 29.1771 4148
234.1 105.62 22.7113 4149
217.49 143.39 21.4954 4150
228.445 146.01 29.9398 4151
225.84 177.407 28.6406 4152
230.905 181.543 23.6165 4154
230.432 183.518 24.3559 4155
0 1 2 1302 1303 1305 
3 4 5 3208 3466 2287 
12 13 14 1653 3605 815 
18 19 20 1239 1240 1242 
25 23 24 3756 4124 3319 
25 24 26 3319 3286 2063 
28 29 27 1539 1540 1542 
32 30 31 3494 3495 673 
32 31 33 673 4040 3393 
36 34 35 1259 1260 1262 
35 28 36 1857 1858 1262 
18 20 37 1242 3968 3682 
2 1 38 1303 2973 2974 
39 40 18 4116 1495 4127 
42 43 41 2920 2352 2922 
46 44 45 1533 1534 1536 
48 49 47 1723 804 3330 
5 4 50 3466 1912 4034 
30 51 31 3574 3575 3495 
48 53 52 2196 1986 2081 
53 54 52 1983 1984 1986 
56 57 55 2058 2059 2060 
58 59 60 1021 649 3961 
1 0 50 1302 3331 3462 
62 63 61 3046 3308 2412 
19 45 64 3542 3568 3569 
46 45 19 1536 3542 3543 
28 47 29 4045 4046 1539 
67 68 66 3641 2722 3642 
32 69 30 3108 4132 3494 
70 41 43 2351 2352 2353 
32 71 69 3268 4088 3108 
41 72 73 3546 1083 4140 
75 54 74 1584 1585 1587 
28 76 47 4079 2483 4045 
77 78 79 3339 3808 3809 
80 75 81 3799 4002 4003 
46 82 83 3399 3432 3689 
3 84 4 3207 2431 3208 
86 87 85 1208 1209 1211 
3 60 88 3554 3170 3555 
46 40 82 3397 3398 3399 
90 68 89 2119 4105 4076 
90 66 68 2721 2722 2119 
58 91 92 2326 1204 4115 
63 70 61 924 2536 3308 
37 93 94 2296 2297 2299 
34 74 35 2837 3860 1260 
53 76 35 2198 2619 3271 
35 76 28 2619 4079 1857 
89 95 96 1087 3351 3636 
95 89 97 1087 1088 1090 
39 18 94 4127 3681 3409 
37 94 18 2299 3681 3682 
98 54 75 3273 1584 3275 
98 99 54 3735 2172 3273 
100 64 45 2506 3568 3958 
40 19 18 2195 1239 1495 
40 46 19 3397 3543 2195 
102 103 101 2445 4150 3130 
33 31 104 4040 1139 1611 
80 81 105 4003 960 2130 
89 96 90 3636 714 4076 
55 107 106 3201 3202 2435 
48 47 76 3330 2483 2197 
53 48 76 2196 2197 2198 
35 74 53 3860 1901 3271 
53 74 54 1901 1585 1983 
20 108 37 1815 2012 3968 
109 110 101 3121 3909 1518 
63 72 70 921 922 924 
41 70 72 2351 922 3546 
83 44 46 1230 1533 3689 
105 93 80 2420 3540 2130 
105 94 93 2418 2297 2420 
111 72 63 3522 921 762 
112 40 39 3935 4116 2875 
112 82 40 1461 3398 3935 
32 33 113 3393 3394 3265 
75 74 81 1587 2835 4002 
34 81 74 2834 2835 2837 
32 113 71 3265 3266 3268 
114 68 67 3235 3641 3245 
116 103 115 2896 1696 3825 
118 119 117 2787 3424 2347 
120 15 22 850 3991 3990 
89 68 121 4105 2358 4106 
56 122 57 3852 3843 2058 
123 115 103 1214 1696 4006 
125 126 124 3815 3816 3360 
128 125 127 4091 2282 3837 
129 83 82 3431 3432 1928 
58 60 130 3961 3962 2327 
94 105 131 2418 1099 3408 
119 132 133 1132 1133 1135 
134 125 128 4099 4091 3914 
135 125 124 2283 3360 3361 
136 137 22 2321 4068 4089 
56 138 122 3850 3851 3852 
91 104 139 4134 844 3559 
91 139 92 3559 3500 1204 
140 141 142 3012 3717 4135 
143 45 44 4074 1534 1176 
100 45 143 3958 4074 3618 
118 116 115 3254 3825 3826 
144 134 128 2714 3914 3040 
85 87 127 1209 2944 689 
145 23 13 2362 3087 3553 
42 41 146 2922 3824 2552 
147 62 148 2789 1977 4112 
116 117 109 3502 1664 1521 
116 118 117 3254 2347 3502 
94 131 39 3408 1007 3409 
85 141 86 3140 3014 1211 
52 54 99 1984 2172 2174 
52 99 152 2174 4058 3759 
27 36 28 1146 1858 1542 
27 79 36 1143 1144 1146 
153 154 155 3482 3483 3484 
143 156 100 3900 3597 3618 
150 157 151 2868 2870 2869 
89 121 97 4106 4077 1088 
158 97 121 1731 4077 3001 
116 101 103 1519 4150 2896 
109 101 116 1518 1519 1521 
114 121 68 927 2358 3235 
144 128 49 3040 3041 3043 
135 127 125 690 2282 2283 
85 127 135 689 690 692 
77 159 160 3890 4075 3440 
78 77 160 3339 3440 3441 
128 127 161 3837 2943 3839 
161 127 87 2943 2944 2945 
77 79 27 3809 1143 1880 
27 162 77 1877 1878 1880 
123 163 164 2272 1821 1215 
115 123 164 1214 1215 916 
99 98 165 3735 3611 4071 
154 166 155 3525 3312 3483 
25 13 23 3755 3087 3756 
5 50 168 4034 3886 2907 
129 169 83 3183 2504 3431 
169 129 152 3183 3773 4057 
165 171 170 3802 4096 2997 
5 172 3 2285 2286 2287 
3 172 60 2286 3420 3554 
133 14 173 2586 2587 2589 
174 175 176 3807 3778 2949 
177 174 176 2768 2949 2950 
179 180 178 3829 868 976 
181 182 183 3428 3646 3737 
83 170 44 1227 1228 1230 
184 185 23 4025 2772 2361 
5 186 172 2042 1809 2285 
122 138 187 3851 3854 3053 
188 85 135 3138 692 3760 
129 189 152 3771 3772 3773 
173 13 25 4036 3755 2880 
173 14 13 2587 3605 4036 
130 60 172 3962 3420 4031 
193 133 132 1164 1133 1166 
193 132 194 1166 3795 2310 
186 168 67 2908 3438 1297 
186 5 168 2042 2907 2908 
138 195 187 3604 4118 3854 
183 179 11 3528 3018 1910 
196 108 20 1814 1815 1817 
169 170 83 2502 1227 2504 
169 165 170 3923 2997 2502 
184 23 145 2361 2362 2364 
67 66 186 3642 3281 1297 
179 182 180 1356 1616 3829 
182 179 183 1356 3528 3646 
197 47 49 803 804 806 
198 199 200 2963 3505 1347 
27 29 162 1540 3673 1877 
95 97 201 1090 1642 3612 
48 144 49 2555 3043 1723 
177 176 202 2950 822 3874 
0 168 50 2857 3886 3331 
42 185 184 3629 4025 3322 
184 43 42 1161 2920 3322 
203 202 176 3071 822 3072 
99 165 169 4071 3923 3870 
169 152 99 4057 4058 3870 
204 4 84 2430 2431 2433 
197 29 47 2372 4046 803 
202 95 201 3100 3612 2702 
205 2 38 752 2974 3026 
206 163 123 3290 2272 3292 
177 207 174 4086 4087 2768 
210 208 209 4064 4065 3186 
206 123 211 3292 2476 1931 
73 212 146 3030 3031 696 
73 146 41 696 3824 4140 
129 213 189 1927 3173 3771 
214 38 215 1430 4131 4128 
216 11 179 3017 3018 3020 
9 11 216 4141 3017 4122 
218 219 217 2165 2633 3946 
0 2 220 1305 3786 3787 
223 221 222 2182 4097 1423 
224 1 50 3461 3462 1688 
225 48 52 2556 2081 3317 
144 48 225 2555 2556 2557 
33 226 113 1776 3644 3394 
206 227 114 1154 929 1155 
70 43 228 2353 3925 2537 
229 230 106 1693 3382 3094 
113 96 203 3949 3350 3671 
205 231 2 749 750 752 
206 114 232 1155 3244 983 
212 233 146 2279 3192 3031 
196 214 108 3486 3487 1814 
216 179 178 3020 976 3743 
224 50 4 1688 1912 1913 
224 4 204 1913 2430 2774 
152 225 52 3758 3317 3759 
152 189 225 3772 3220 3758 
19 64 20 3569 4083 1240 
196 20 64 1817 4083 3389 
113 226 96 3644 716 3949 
226 90 96 713 714 716 
211 227 206 1930 1154 1931 
62 61 148 2412 1034 1977 
198 103 102 3557 2445 2978 
134 126 125 3534 3815 4099 
156 231 100 839 2687 3597 
231 205 100 749 2507 2687 
203 95 202 2303 3100 3071 
203 96 95 3350 3351 2303 
133 193 14 1164 3713 2586 
235 207 177 3869 4086 3530 
122 187 194 3053 3054 3005 
199 236 237 3739 3766 2378 
214 205 38 2678 3026 1430 
205 214 196 2678 3486 3827 
175 69 71 4100 4088 3779 
71 176 175 3365 3778 3779 
238 225 189 2461 3220 3221 
144 225 238 2557 2461 4125 
238 189 213 3221 3173 1845 
64 205 196 2509 3827 3389 
64 100 205 2506 2507 2509 
141 140 86 3012 3013 3014 
11 210 183 1079 1909 1910 
209 183 210 3723 1909 3186 
195 233 239 2732 2277 2001 
240 79 78 1293 3808 3905 
67 168 232 3438 2855 3243 
67 232 114 3243 3244 3245 
0 232 168 2854 2855 2857 
227 121 114 926 927 929 
227 158 121 4033 3001 926 
123 103 211 4006 3908 2476 
198 211 103 1346 3908 3557 
146 241 42 3113 3627 2552 
212 239 233 2276 2277 2279 
82 112 213 1461 1462 1464 
82 213 129 1464 1927 1928 
192 191 242 954 958 956 
192 242 243 956 1934 1989 
231 220 2 3945 3786 750 
126 244 124 2263 3732 3816 
71 113 203 3266 3671 3995 
71 203 176 3995 3072 3365 
110 109 245 3121 1937 3122 
232 0 246 2854 1802 980 
178 247 216 3742 2517 3743 
109 117 248 1664 3902 3833 
109 248 245 3833 3834 1937 
8 207 235 3868 3869 3105 
146 233 241 3192 3058 3113 
249 182 166 1545 1546 1547 
229 251 230 2871 2872 1693 
111 252 72 3561 3652 3522 
253 120 160 2832 3659 1047 
254 159 162 2533 2534 2267 
142 255 136 3453 3454 3455 
255 137 136 1501 2321 3454 
256 33 104 1773 1611 2171 
252 73 72 4117 1083 3652 
178 180 257 868 869 871 
258 257 180 2449 869 2451 
161 49 128 4146 3041 3839 
161 197 49 1683 806 4146 
23 185 24 2772 4123 4124 
160 159 253 4075 3986 1047 
181 183 209 3737 3723 2644 
221 259 191 3731 2717 3804 
77 162 159 1878 2534 3890 
119 133 260 1135 3426 4066 
245 248 261 3834 863 3368 
142 141 255 3717 3429 3453 
226 262 90 4142 4143 713 
66 90 262 2721 4143 3960 
219 224 204 2773 2774 2776 
256 104 91 2171 4134 3309 
138 263 195 3884 3871 3604 
263 233 195 4035 2732 3871 
253 15 120 2831 850 2832 
15 253 16 2831 2241 3930 
157 150 264 2868 3337 4037 
150 65 264 1602 3336 3337 
219 204 217 2776 3931 2633 
173 260 133 3746 3426 2589 
249 180 182 4108 1616 1545 
258 180 249 2451 4108 2662 
243 242 147 1934 2154 2155 
134 144 238 2714 4125 637 
265 266 252 2735 3645 3560 
265 252 111 3560 3561 3223 
143 267 156 4023 1106 3900 
84 268 236 1127 2375 1509 
237 236 268 3766 2375 3607 
269 135 124 3761 3361 4060 
153 155 271 3484 3301 3631 
245 261 272 3368 3369 2520 
101 110 273 3909 3840 3131 
102 101 273 3130 3131 3133 
274 261 248 862 863 865 
244 126 275 2263 2264 2265 
145 276 184 1224 1158 2364 
251 110 245 3563 3122 2523 
110 277 273 3939 1043 3840 
277 217 273 1040 1041 1043 
154 279 278 3064 4078 2845 
1 280 38 2904 3701 2973 
38 280 215 3701 1961 4131 
266 265 281 2735 3353 4042 
115 282 118 4138 2408 3826 
39 283 112 1010 2874 2875 
284 162 29 3708 3673 4144 
238 213 285 1845 3306 639 
25 274 173 2818 3073 2880 
286 275 126 3469 2264 2757 
275 286 287 3469 3470 3472 
243 208 192 4119 4120 1989 
208 243 209 4119 874 4065 
288 289 263 2136 3589 3590 
184 276 43 1158 1159 1161 
228 43 276 3925 1159 3994 
290 291 6 2046 3519 1315 
139 104 292 844 845 847 
31 292 104 1138 845 1139 
163 293 164 4103 3964 1821 
286 126 134 2757 3534 1353 
14 193 294 3713 2970 816 
12 14 294 815 816 818 
284 29 197 4144 2372 1123 
287 283 131 1965 1008 1966 
39 131 283 1007 1008 1010 
80 93 295 3540 3541 2108 
277 110 251 3939 3563 3940 
277 251 229 3940 2871 4145 
280 224 219 4151 2773 3395 
280 1 224 2904 3461 4151 
115 164 282 916 3745 4138 
260 117 119 3904 3424 4066 
260 248 117 3901 3902 3904 
243 181 209 4109 2644 874 
26 261 274 3822 862 2817 
25 26 274 2063 2817 2818 
296 237 268 4072 3607 4147 
86 297 87 3101 3102 1208 
269 124 298 4060 3733 3917 
188 135 269 3760 3761 3762 
148 61 271 1034 1035 1037 
148 271 155 1037 3301 3302 
106 107 299 3202 2580 3093 
218 277 229 3335 4145 2805 
277 218 217 3335 3946 1040 
245 272 251 2520 2521 2523 
230 251 272 2872 2521 2457 
173 274 260 3073 3177 3746 
274 248 260 865 3901 3177 
285 112 283 3307 2874 3821 
285 213 112 3306 1462 3307 
111 300 265 3222 2914 3223 
120 22 137 3990 4068 4069 
240 78 298 3905 3692 1580 
301 302 171 3913 3880 4095 
255 269 137 1500 1320 1501 
303 304 26 1481 2902 945 
24 185 305 4123 3819 3287 
58 92 308 4115 4048 3249 
309 57 122 1417 3843 3830 
310 296 59 3774 3775 1019 
98 311 165 3610 2752 3611 
165 311 171 2752 3776 3802 
255 188 269 2187 3762 1500 
108 312 37 2010 2011 2012 
295 93 37 3541 2296 3552 
279 313 314 3062 2414 3537 
316 278 315 1558 1559 1561 
281 247 178 3933 3742 3934 
317 215 280 1960 1961 1963 
299 215 317 3858 1960 2095 
319 318 310 3668 3883 4067 
320 201 97 1641 1642 1644 
298 78 321 3692 1383 3910 
298 321 269 3910 2141 3917 
97 322 320 1729 2729 1644 
60 59 88 649 2493 3170 
91 58 130 2326 2327 2329 
321 160 120 3658 3659 3660 
78 160 321 3441 3658 1383 
261 26 304 3822 2902 661 
261 304 272 661 1489 3369 
309 323 57 4016 3885 1417 
301 323 309 1096 4016 3820 
124 244 298 3732 3446 3733 
244 240 298 3445 1580 3446 
61 70 228 2536 2537 2538 
61 228 271 2538 3632 1035 
324 118 282 2407 2408 2409 
273 217 325 1041 1765 1570 
223 259 221 3730 3731 2182 
300 259 223 3391 3730 2931 
85 188 141 3138 3139 3140 
255 141 188 3429 3139 2187 
157 264 326 4037 3676 4104 
153 271 228 3631 3632 3634 
228 276 153 3994 4052 3634 
102 327 198 1705 2980 2978 
218 229 317 2805 2092 2167 
267 282 156 1103 1104 1106 
164 156 282 3963 1104 3745 
111 328 300 3882 3392 3222 
296 320 237 3448 2728 4072 
329 330 331 738 3947 3948 
332 147 242 3387 2154 1700 
332 62 147 2357 2789 3387 
310 58 308 1018 3249 4133 
58 310 59 1018 1019 1021 
321 120 137 3660 4069 2221 
269 321 137 2141 2221 1320 
199 327 236 3738 3442 3739 
198 327 199 2980 3738 2963 
194 132 309 3795 3891 3997 
309 122 194 3830 3005 3997 
334 303 333 1483 2987 2676 
266 281 257 4042 4043 732 
178 257 281 871 4043 3934 
257 258 335 2449 1829 4004 
257 335 266 4004 1860 732 
316 154 278 1411 2845 1558 
243 147 181 2155 2334 4109 
334 304 303 1480 1481 1483 
130 172 336 4031 1808 1400 
337 297 86 3875 3101 3033 
337 86 140 3033 3013 4001 
338 331 239 1324 1325 1327 
194 187 339 3054 2570 4129 
197 340 284 1120 1121 1123 
341 342 329 937 938 940 
342 294 329 4081 4028 938 
343 264 65 3595 3336 3596 
301 344 323 1093 1094 1096 
236 327 345 3442 3443 1854 
346 347 34 2206 2207 1883 
147 148 348 4112 3667 2335 
349 267 143 4022 4023 1441 
8 350 6 3104 1317 4018 
237 320 322 2728 2729 2730 
317 229 299 2092 2093 2095 
106 299 229 3093 2093 3094 
308 92 351 4048 3684 4049 
350 8 235 3104 3105 3107 
235 177 353 3530 2542 2455 
246 0 220 1802 3787 1950 
163 220 293 3928 4050 4103 
163 246 220 3437 1950 3928 
326 264 254 3676 3677 2266 
256 354 262 2331 2332 2333 
253 159 343 3986 3987 2240 
56 288 138 2982 678 3850 
138 288 263 678 3590 3884 
139 290 92 2471 4152 3500 
231 293 220 1633 4050 3945 
353 319 308 932 4121 2747 
319 310 308 4067 4133 4121 
107 355 312 2157 1504 2158 
252 356 73 3372 3683 4117 
73 356 212 3683 1781 3030 
278 279 357 4078 2955 4014 
315 258 249 3379 2662 3421 
358 75 80 3769 3799 2110 
358 98 75 726 3275 3769 
118 359 119 2784 2785 2787 
359 132 119 3959 1132 2785 
349 170 171 2307 4096 3662 
344 311 355 3777 3704 3955 
354 91 130 3293 2329 3294 
256 91 354 3309 3293 2331 
66 262 336 3960 2749 3282 
340 87 297 3862 3102 4008 
324 302 301 3135 3913 3079 
345 327 325 3443 1456 4126 
157 326 360 4104 3593 2583 
320 318 201 3295 3296 1641 
319 201 318 2703 3296 3668 
332 328 62 1444 2356 2357 
187 330 339 3364 3263 2570 
333 288 56 2981 2982 2983 
265 361 281 2917 1388 3353 
361 362 281 3694 3476 1388 
315 249 316 3421 3422 1561 
289 303 305 3545 943 1623 
284 360 326 3407 3593 3707 
337 140 151 4001 4149 2689 
363 214 215 3972 4128 3864 
214 363 108 3972 3973 3487 
307 362 222 2548 2549 2550 
227 200 158 1486 2468 4033 
279 341 357 2952 2953 2955 
364 287 131 2886 1966 2340 
347 287 364 2885 2886 2887 
365 275 346 1734 1735 1737 
313 153 276 4051 4052 2481 
348 181 147 857 2334 2335 
350 351 92 1193 3684 3685 
158 322 97 1728 1729 1731 
350 235 351 3107 1834 1193 
3 88 84 3555 1129 3207 
88 268 84 1126 1127 1129 
177 202 353 3874 3801 2542 
156 164 293 3963 3964 3066 
156 293 231 3066 1633 839 
216 247 9 2517 4094 4122 
307 9 247 4093 4094 3728 
333 55 334 2675 1606 2676 
56 55 333 2060 2675 2983 
33 256 226 1773 1774 1776 
256 262 226 2333 4142 1774 
263 241 233 3327 3058 4035 
42 241 185 3627 3628 3629 
241 305 185 1624 3819 3628 
159 254 343 2533 4090 3987 
343 254 264 4090 3677 3595 
300 223 361 2931 3942 2915 
265 300 361 2914 2915 2917 
328 259 300 1658 3391 3392 
328 332 259 1444 1657 1658 
323 344 107 1094 3984 631 
107 344 355 3984 3955 2157 
266 335 356 1860 1861 1862 
266 356 252 1862 3372 3645 
80 295 358 2108 1280 2110 
355 358 295 1279 1280 1282 
355 311 358 3704 3705 1279 
98 358 311 726 3705 3610 
359 118 324 2784 2407 3077 
301 359 324 3076 3077 3079 
301 309 359 3820 3149 3076 
359 309 132 3149 3891 3959 
273 325 102 1570 1706 3133 
325 327 102 1456 1705 1706 
324 282 267 2409 1103 3134 
324 267 302 3134 2826 3135 
171 302 349 3880 3881 3662 
349 302 267 3881 2826 4022 
145 13 12 3553 1653 4092 
314 145 12 2413 4092 4139 
336 354 130 3514 3294 1400 
336 262 354 2749 2332 3514 
151 157 337 2870 1784 2689 
366 356 335 1778 1861 2891 
356 366 212 1778 1779 1781 
154 316 166 1411 3524 3525 
316 249 166 3422 1547 3524 
340 297 360 4008 1053 4054 
340 360 284 4054 3407 1121 
284 326 162 3707 2269 3708 
326 254 162 2266 2267 2269 
320 296 318 3448 3449 3295 
310 318 296 3883 3449 3774 
195 330 187 2004 3364 4118 
350 290 6 1314 1315 1317 
350 92 290 3685 4152 1314 
289 305 241 1623 1624 1626 
263 289 241 3589 1626 3327 
336 186 66 1811 3281 3282 
336 172 186 1808 1809 1811 
240 365 79 1290 1291 1293 
36 79 365 1144 1291 2121 
345 84 236 1853 1509 1854 
204 84 345 2433 1853 4039 
363 299 107 3298 2580 3299 
363 215 299 3864 3858 3298 
194 339 193 4129 2972 2310 
339 294 193 2969 2970 2972 
329 294 339 4028 2969 3262 
329 339 330 3262 3263 738 
239 212 366 2276 1779 2738 
338 239 366 1327 2738 2599 
107 312 363 2158 4030 3299 
312 108 363 2010 3973 4030 
247 362 307 3727 2548 3728 
362 247 281 3727 3933 3476 
223 222 362 1423 2549 2906 
223 362 361 2906 3694 3942 
211 198 200 1346 1347 1349 
211 200 227 1349 1486 1930 
155 166 348 3312 3952 3907 
155 348 148 3907 3667 3302 
161 87 340 2945 3862 3051 
197 161 340 1683 3051 1120 
343 16 253 2239 2241 2240 
16 343 65 2239 3596 4007 
111 63 328 762 3044 3882 
62 328 63 2356 3044 3046 
105 81 364 960 961 963 
105 364 131 963 2340 1099 
344 171 311 2387 3776 3777 
301 171 344 4095 2387 1093 
217 204 345 3931 4039 3348 
217 345 325 3348 4126 1765 
145 313 276 2416 2481 1224 
145 314 313 2413 2414 2416 
349 44 170 1440 1228 2307 
143 44 349 1176 1440 1441 
199 237 322 2378 2730 3506 
342 12 294 4080 818 4081 
342 314 12 4110 4139 4080 
292 51 291 4154 4155 2049 
51 292 31 4154 1138 3575 
308 351 353 4049 2454 2747 
353 351 235 2454 1834 2455 
292 290 139 2047 2471 847 
291 290 292 2046 2047 2049 
37 312 295 2011 1619 3552 
312 355 295 1504 1282 1619 
338 357 331 4015 3698 1324 
278 357 338 4014 4015 3975 
366 258 315 3378 3379 3380 
366 335 258 2891 1829 3378 
315 338 366 3594 2599 3380 
315 278 338 1559 3975 3594 
346 287 347 1996 2885 2206 
275 287 346 3472 1996 1735 
305 26 24 942 3286 3287 
26 305 303 942 943 945 
55 57 323 2059 3885 3493 
55 323 107 3493 631 3201 
365 346 36 1737 1882 2121 
36 346 34 1882 1883 1259 
232 246 206 980 981 983 
206 246 163 981 3437 3290 
334 106 230 2436 3382 1660 
334 55 106 1606 2435 2436 
289 333 303 2990 2987 3545 
289 288 333 2136 2981 2990 
317 219 218 2164 2165 2167 
317 280 219 1963 3395 2164 
272 304 230 1489 1661 2457 
304 334 230 1480 1660 1661 
283 286 285 3845 3855 3821 
283 287 286 1965 3470 3845 
259 332 191 1657 1941 2717 
242 191 332 958 1941 1700 
348 182 181 2423 3428 857 
182 348 166 2423 3952 1546 
353 202 319 3801 2705 932 
202 201 319 2702 2703 2705 
244 275 365 2265 1734 2647 
240 244 365 3445 2647 1290 
329 331 341 3948 3700 940 
331 357 341 3698 2953 3700 
313 154 153 3061 3482 4051 
154 313 279 3061 3062 3064 
337 360 297 2584 1053 3875 
337 157 360 1784 2583 2584 
34 347 81 2207 4011 2834 
364 81 347 961 4011 2887 
200 199 322 3505 3506 2466 
200 322 158 2466 1728 2468 
195 239 330 2001 2002 2004 
331 330 239 3947 2002 1325 
59 268 88 4148 1126 2493 
59 296 268 3775 4147 4148 
341 314 342 3538 4110 937 
341 279 314 2952 3537 3538 
285 134 238 636 637 639 
285 286 134 3855 1353 636 
