1396 # number of quadratic nodes on outer solid boundary
685 # number of facets on outer solid boundary
233.45 148.705 22.4822 0
232.239 146.373 27.8599 1
233.724 143.736 23.9009 2
227.386 158.514 30.9967 3
228.028 153.344 31.0562 4
231.474 156.457 28.017 5
224.666 183.814 29.2693 6
218.546 183.483 27.5437 8
220.105 105.256 30.5989 9
218.073 104.745 26.9819 11
215.275 123.851 22.4169 12
213.425 126.035 24.2024 13
216.01 126.254 21.678 14
236.576 106.794 31.7408 15
233.159 106.163 31.1531 16
236.001 130.937 26.7495 18
236.006 132.66 23.578 19
234.89 133.778 26.8613 20
239.451 107.15 30.1918 22
212.662 125.698 27.7872 23
213.831 127.529 29.6026 24
213.023 128.442 26.7562 25
214.592 130.34 29.7854 26
230.294 115.14 29.272 27
228.842 117.042 27.0856 28
229.06 114.359 25.8624 29
231.548 182.975 17.1959 30
232.409 179.188 20.1244 31
229.958 178.478 15.1042 32
231.892 174.789 18.0887 33
230.8 121.313 29.8949 34
228.74 119.686 27.6681 35
231.266 118.336 30.1611 36
232.951 131.36 29.4392 37
232.33 141.77 28.2551 38
236.965 127.932 26.3589 39
236.759 129.533 23.2584 40
215.119 119.876 32.9262 41
214.869 122.678 32.1345 42
212.659 120.651 30.676 43
231.929 131.386 18.6224 44
234.306 133.872 20.4804 45
234.935 130.668 20.612 46
229.073 116.543 23.6542 47
229.653 119.244 21.8088 48
231.419 116.535 21.0454 49
231.869 151.303 27.7284 50
232.14 183.446 22.5833 51
228.876 122.099 21.7618 52
227.962 120.766 24.6506 53
227.379 123.347 24.6457 54
223.548 130.572 29.1954 55
222.929 128.294 28.6851 56
223.588 129.392 26.781 57
224.51 168.77 30.6249 58
221.2 163.869 30.4252 59
226.47 163.358 30.8417 60
211.319 116.188 30.0019 61
211.014 113.609 30.8717 62
212.686 115.558 32.7667 63
235.18 135.7 23.8788 64
230.981 105.582 28.6879 65
232.231 162.306 19.0795 66
231.9 157.327 18.3871 67
228.56 160.484 15.2018 68
227.183 182.478 12.9637 69
212.73 118.144 31.8425 70
224.585 177.826 12.6772 71
215.181 117.142 33.671 72
218.142 118.415 33.3163 73
228.431 122.301 27.69 74
227.925 124.983 27.5576 75
228.365 118.579 24.8951 76
232.441 113.25 30.7733 77
235.771 114.105 31.0149 78
233.467 115.987 30.9511 79
229.623 126.876 29.5351 80
230.673 124.139 29.9685 81
235.334 127.703 20.7129 82
232.703 128.395 19.1623 83
222.198 155.484 31.467 84
237.29 111.483 21.4615 85
235.197 109.257 21.0484 86
234.321 111.748 20.8455 87
223.17 160.264 31.2676 88
224.253 163.95 13.8521 89
229.623 165.469 15.5801 90
230.527 171.844 27.4973 91
224.662 175.095 30.0566 92
231.904 128.681 30.0368 93
234.788 128.713 29.0153 94
219.908 167.907 14.6881 95
225.944 169.023 13.5919 96
218.444 162.285 16.4252 97
226.811 126.09 24.7108 98
227.949 124.638 21.6711 99
233.613 137.209 20.4873 100
215.85 142.255 23.4721 101
216.116 146.574 24.0333 102
217.925 144.533 18.9303 103
232.323 175.608 23.5442 104
232.895 126.563 30.1502 105
223.377 133.85 31.5752 106
226.086 132.299 28.7382 107
232.421 134.542 29.1522 108
215.281 138.189 23.8229 109
216.006 140.33 27.4149 110
215.219 114.443 34.3635 111
237.282 126.549 23.0758 112
228.004 173.85 13.9721 113
227.536 155.277 15.2247 114
221.818 140.158 17.3525 115
217.469 139.221 19.8596 116
216.46 135.269 20.8863 117
220.909 135.166 18.6882 118
218.916 131.703 19.8527 119
237.447 109.496 31.1105 120
223.229 158.799 14.4455 121
223.21 127.637 26.2194 122
223.542 144.83 16.2006 123
239.481 115.736 25.9291 124
238.27 116.447 22.5494 125
238.983 118.695 25.5501 126
236.352 113.987 21.0114 127
235.102 116.631 20.5261 128
233.046 125.81 19.6379 129
230.314 166.413 28.3704 130
235.802 126.095 28.8377 131
221.019 128.989 21.4619 132
217.301 128.795 20.723 133
237.383 119.783 21.8639 134
238.965 113.628 23.1181 135
240.891 107.107 27.1319 136
239.954 109.823 28.6 137
222.638 126.181 28.4098 138
229.813 176.477 27.6804 139
235.857 105.722 21.3656 140
238.347 108.969 22.0797 141
239.9 106.591 23.4036 142
231.071 134.477 18.3798 143
233.359 119.238 20.1852 144
212.794 123.023 24.9969 145
218.133 121.368 32.7201 146
210.761 111.133 28.2014 147
211.147 114.216 27.715 148
230.677 105.272 25.6158 150
232.016 105.257 23.0249 151
230.748 123.939 20.0191 152
212.223 117.909 25.6797 153
215.155 116.731 23.4823 154
212.683 115.206 25.182 155
229.863 138.043 17.7199 156
230.659 107.485 24.2843 157
219.189 157.457 16.3074 158
231.891 110.525 30.4263 159
234.989 111.47 31.3952 160
233.035 114.072 20.789 161
229.912 111.997 28.1372 162
228.472 145.026 16.6812 163
226.516 141.103 16.7668 164
227.086 127.378 21.7602 165
215.598 113.726 23.959 166
233.401 154.303 23.1096 168
229.924 126.36 19.6113 169
228.955 129.037 19.2486 170
226.317 129.872 21.76 171
230.938 161.467 28.2818 172
214.106 128.814 23.1076 173
216.522 182.42 16.3006 174
221.025 182.256 12.7341 175
218.635 177.564 14.5222 176
215.457 178.129 19.9792 177
220.666 109.371 29.2498 178
218.935 108.206 26.5107 179
220.046 111.026 26.6977 180
212.977 109.429 25.5905 181
216.549 110.553 24.678 182
215.655 107.422 25.327 183
212.6 123.142 29.1846 184
214.315 125.296 30.9102 185
233.08 159.429 23.5534 186
222.778 125.294 25.7535 187
239.385 111.287 23.3647 188
233.25 123.656 19.8435 189
210.38 107.233 33.0855 191
210.055 106.463 29.3177 192
219.608 126.547 21.4461 193
222.293 127.097 23.5002 194
222.548 123.714 28.2424 195
234.129 136.33 26.8583 196
230.206 114.125 22.62 197
216.493 149.899 20.7361 198
215.975 154.523 22.9237 199
217.711 153.897 18.0699 200
216.083 166.912 19.6684 201
216.371 172.542 17.9825 202
221.98 172.997 13.3278 203
223.82 149.934 31.8589 204
234.303 139.234 24.7502 205
226.443 149.663 15.602 206
215.332 182.902 22.1085 207
211.658 105.714 26.9574 208
212.968 107.143 25.9258 209
214.221 105.092 25.8988 210
220.35 149.343 16.5309 211
220.933 119.357 31.3225 212
235.51 124.919 20.5775 213
232.307 137.846 28.742 214
229.332 139.336 30.6074 215
220.086 106.983 28.8473 216
220.029 146.173 30.802 217
222.23 142.591 31.9341 218
225.004 145.334 31.9428 219
232.354 144.775 19.3008 220
213.721 107.369 35.8327 221
217.098 106.847 35.6425 222
215.938 109.353 35.5189 223
228.66 148.38 30.8156 224
231.706 121.642 20.2072 225
230.817 170.225 16.4855 226
222.234 153.96 15.2974 227
211.548 118.437 28.8317 228
221.848 138.483 32.0661 229
219.327 135.18 31.8363 230
233.133 140.891 20.2158 231
231.476 152.111 17.899 232
221.051 122.514 31.0059 233
216.772 179.185 25.8808 235
217.499 155.064 27.7991 236
216.266 158.93 25.1384 237
235.016 122.059 20.3047 238
222.34 120.37 27.5706 239
236.445 116.242 30.4585 240
217.988 124.57 32.1526 241
210.149 108.839 29.977 242
211.09 108.142 27.4014 243
238.203 117.478 28.7163 244
215.338 136.86 27.6199 245
230.924 148.024 17.7111 246
220.345 107.823 31.6967 247
214.526 134.735 24.6685 248
218.842 113.138 24.7911 249
217.592 138.118 30.315 251
218.058 115.615 33.8274 252
234.131 108.802 31.4846 253
230.353 109.523 28.4284 254
240.346 109.5 25.0272 255
232.711 171.333 21.6313 256
221.12 112.092 29.7077 257
221.037 113.747 27.2345 258
212.789 110.069 34.679 259
215.136 131.909 21.9393 260
214.842 133.754 28.3786 261
232.555 166.971 19.9852 262
221.258 125.188 30.6039 263
230.264 107.536 27.1776 264
217.974 112.935 34.2982 265
220.271 113.731 32.3726 266
227.306 134.204 18.1947 267
219.055 159.549 29.4386 268
239.992 112.567 26.5364 269
211.427 116.444 27.3879 271
216.562 135.43 30.0567 272
216.718 144.277 27.6124 273
213.531 131.555 25.7602 274
237.503 120.186 28.7859 275
211.921 120.606 27.1598 276
218.696 141.753 30.5187 277
218.509 117.133 23.4691 278
216.746 119.006 22.7513 279
229.155 143.709 30.7923 280
220.073 110.757 32.6899 281
225.089 136.865 17.5927 282
237.766 124.967 26.1568 283
229.716 111.871 24.4486 284
237.559 123.388 22.6052 285
238.445 121.836 25.7561 286
236.334 123.134 29.1457 287
221.77 127.119 30.2092 288
219.624 127.14 31.7541 289
227.438 179.854 28.9007 290
229.874 183.743 26.7725 291
231.369 179.775 25.2726 292
230.324 141.973 17.5387 293
218.289 124.227 21.6097 294
229.284 129.482 29.3572 295
217.187 163.185 27.1307 296
232.789 110.041 21.4708 297
238.483 114.853 29.1528 298
226.198 136.533 31.3915 299
215.333 111.849 34.9918 300
224.679 130.997 22.6221 301
225.951 131.765 20.0572 302
218.147 129.741 31.9096 303
216.938 132.847 31.1871 304
216.178 127.465 31.5923 305
219.362 106.099 33.7616 307
219.117 172.081 28.7024 308
223.18 129.494 24.0145 309
218.398 167.416 28.3906 310
226.433 128.648 24.7631 311
229.206 132.05 29.5668 312
213.604 119.728 23.9289 313
215.488 121.384 22.5687 314
220.204 115.554 25.0746 315
217.772 115.158 23.7632 316
225.734 140.987 31.8893 317
216.051 166.065 24.5191 318
215.957 169.985 24.2813 319
215.859 162.654 22.1117 320
238.201 112.196 30.1237 321
216.463 158.317 19.9138 322
224.406 130.644 26.0472 323
224.349 133.067 19.4211 324
217.305 147.785 27.7572 325
229.862 109.631 25.8886 326
216.499 150.825 25.6752 327
212.636 112.871 33.6682 328
220.032 122.264 22.6476 329
222.246 122.628 25.0205 330
220.866 120.358 23.9721 331
210.753 110.793 31.95 332
221.467 129.02 30.9545 333
220.678 131.741 31.8759 334
221.377 114.534 29.9799 335
232.766 164.193 24.1309 336
232.64 107.833 21.944 337
220.926 118.061 24.9188 338
221.48 124.527 22.9217 339
231.55 111.869 21.8685 340
218.389 120.624 22.5282 341
217.441 122.38 21.9266 342
231.434 107.993 29.8404 343
225.821 130.438 25.2069 344
219.027 150.921 29.7775 345
234.204 120.756 30.5325 346
233.243 122.829 30.4293 347
212.84 112.312 25.3151 348
228.294 131.636 18.8326 349
221.569 179.687 29.3484 350
219.135 176.199 28.455 351
216.045 174.663 24.573 353
232.479 168.211 24.4809 354
227.139 130.062 27.4359 355
220.568 116.449 31.8951 356
219.239 118.979 23.2676 357
227.502 127.706 27.3544 358
222.45 131.313 20.8604 359
230.878 109.717 23.086 360
217.759 110.772 34.7364 361
218.729 108.654 34.3705 362
229.262 135.326 30.201 363
233.938 124.59 30.1298 364
235.39 118.293 30.5586 365
221.807 116.756 28.2553 366
225.283 131.345 27.2803 631
237.53 121.58 22.2439 636
236.244 120.884 20.9383 637
236.53 122.746 21.2088 639
223.798 163.656 31.0433 649
215.713 133.38 29.8729 661
231.611 178.82 17.3987 673
222.268 126.621 29.3572 678
236.837 112.735 21.2354 689
237.813 113.815 21.8621 690
238.227 112.576 22.1431 692
218.146 119.906 33.0266 696
230.249 167.845 15.9883 713
227.878 167.237 14.3792 714
228.633 169.583 14.6179 716
227.019 126.906 26.1162 726
220.919 112.89 31.1182 732
221.312 122.361 23.6802 738
234.089 140.093 22.373 749
233.695 142.381 22.0096 750
233.985 141.48 24.314 752
213.862 115.061 33.7597 762
229.601 115.324 23.1071 803
230.023 116.49 22.1503 804
230.735 115.31 21.7557 806
215.608 125.04 22.0589 815
217.151 125.24 21.5249 816
216.709 124.011 21.8202 818
217.353 175.019 16.0815 822
231.744 139.435 18.633 839
231.389 176.056 25.7779 844
231.918 177.706 24.4238 845
230.671 178.161 26.5525 847
237.031 108.171 31.4667 850
212.911 110.862 25.4388 857
214.081 132.733 27.1461 862
214.437 134.332 26.5716 863
214.091 133.185 25.2052 865
220.482 110.172 27.9291 868
220.846 111.516 28.1377 869
220.92 110.725 29.493 871
211.925 107.636 26.5394 874
224.174 140.563 16.879 916
213.856 116.396 33.3582 921
213.83 117.702 32.942 922
212.708 116.851 32.3152 924
222.745 156.353 14.8517 926
225.402 156.994 14.6145 927
224.877 154.559 14.907 929
215.985 172.322 24.4031 932
217.904 121.438 22.2027 937
218.816 122.242 22.0619 938
219.229 121.41 22.5619 940
215.274 128.957 30.8862 942
217.128 128.616 31.7874 943
216.098 130.137 31.2684 945
209.847 106.842 31.2268 954
210.062 107.665 29.684 956
210.071 108.02 31.5043 958
231.785 125.348 30.2736 960
232.313 124.404 30.3475 961
233.431 125.569 30.1433 963
220.035 108.717 27.7507 976
231.182 150.045 17.7971 980
228.773 148.86 16.4192 981
229.13 150.822 16.325 983
236.523 127.058 27.7065 1007
236.972 125.571 27.6394 1008
237.363 126.467 26.2602 1010
221.219 168.143 30.119 1018
219.741 165.656 29.5478 1019
222.773 166.352 30.6878 1021
211.061 115.218 28.8655 1034
211.219 116.313 28.6864 1035
211.287 115.338 27.5523 1037
219.341 143.981 30.6349 1040
218.168 145.288 29.3992 1041
217.546 143.059 29.2175 1043
234.553 110.141 31.4784 1047
231.745 109.848 22.1578 1053
216.214 104.78 26.0688 1079
216.657 117.815 33.6765 1083
222.005 165.904 13.9963 1087
221.112 163.031 14.5749 1088
219.136 165.075 15.4973 1090
225.239 130.68 23.9513 1093
225.098 130.89 25.5967 1094
224.59 130.766 24.3949 1096
234.47 126.367 29.6727 1099
226.205 135.541 17.8753 1103
227.409 137.392 17.3519 1104
228.548 136.131 17.7203 1106
230.857 112.989 22.2045 1120
230.439 111.818 23.0214 1121
229.882 112.985 23.5051 1123
220.971 159.922 30.6287 1126
220.496 157.515 30.5665 1127
222.713 157.892 31.3856 1129
220.08 130.17 20.3766 1132
219.345 128.761 20.7166 1133
218.14 130.236 20.2327 1135
232.295 179.506 22.7855 1138
232.508 177.408 21.8424 1139
231.726 115.557 30.4101 1143
232.375 117.185 30.648 1144
230.703 116.742 29.7629 1146
224.314 151.772 15.2653 1154
226.998 152.451 15.3667 1155
212.128 121.918 28.1753 1158
212.008 120.697 28.9918 1159
212.615 121.909 29.9467 1161
218.517 127.593 20.9458 1164
220.337 127.806 21.4728 1166
231.473 132.972 18.4889 1176
220.284 177.967 28.9927 1193
227.861 173.512 29.3451 1204
234.781 110.514 20.9435 1208
235.849 111.598 20.9514 1209
236.284 110.36 21.1096 1211
222.629 142.49 16.724 1214
225.078 142.957 16.4383 1215
212.267 121.837 26.0937 1224
230.811 128.641 18.7866 1227
230.412 130.132 18.612 1228
232.35 129.86 18.799 1230
236.176 131.864 25.2062 1239
235.693 133.319 25.3151 1240
235.404 132.386 26.8199 1242
231.028 119.846 30.0323 1259
229.597 120.496 28.9542 1260
229.787 118.958 29.0592 1262
227.31 128.973 27.3555 1279
228.233 128.556 28.4419 1280
228.047 129.821 28.4434 1282
235.952 117.27 30.5107 1290
234.398 117.17 30.8781 1291
234.989 116.138 30.9261 1293
232.933 158.402 20.851 1297
233.275 147.605 25.3226 1302
233.259 145.071 25.9654 1303
233.598 146.206 23.2218 1305
224.552 179.812 29.6401 1314
226.088 181.821 29.1986 1315
223.109 181.751 29.4715 1317
240.048 111.22 27.6142 1320
220.943 119.232 24.4773 1324
221.95 120.243 25.6232 1325
221.886 119.193 26.1219 1327
217.97 149.572 18.213 1346
216.988 151.886 19.3112 1347
218.897 151.592 17.1426 1349
238.349 120.845 23.6682 1353
217.863 109.348 25.4047 1356
237.031 113.165 30.6934 1383
219.048 110.827 33.8838 1388
231.868 165.326 26.4381 1400
216.501 115.948 23.4212 1411
223.522 129.435 25.3681 1417
216.527 108.123 35.6347 1423
232.325 139.795 28.4781 1430
230.045 131.526 18.4389 1440
229.674 133.052 18.2512 1441
211.561 111.865 32.9195 1444
216.859 149.312 26.7659 1456
236.425 127.16 21.7526 1461
236.593 125.778 21.6487 1462
235.411 126.335 20.651 1464
218.729 132.345 31.9171 1480
217.479 131.3 31.6854 1481
219.416 130.743 31.9483 1483
219.792 153.895 16.3003 1486
216.689 134.184 30.5894 1489
236.734 130.345 25.0433 1495
240.244 111.048 25.7727 1500
240.468 109.718 26.8441 1501
227.992 130.928 28.6555 1504
219.478 155.29 30.0191 1509
215.623 140.214 23.636 1518
216.316 140.765 21.5146 1519
216.114 138.746 21.6982 1521
233.637 131.038 19.4436 1533
233.31 132.683 19.3115 1534
234.632 132.261 20.5556 1536
228.899 115.694 26.4859 1539
229.366 114.697 27.6815 1540
229.459 116.094 28.2451 1542
217.773 111.801 24.667 1545
216.031 112.127 24.2719 1546
217.282 113.356 24.108 1547
218.123 116.153 23.5968 1558
219.422 116.31 24.1583 1559
219.08 115.32 24.2578 1561
217.08 146.049 27.6747 1570
237.523 115.532 29.9258 1580
227.435 124.133 26.1835 1584
227.683 122.78 26.257 1585
228.172 123.636 27.6435 1587
230.605 105.337 27.1706 1602
222.505 130.992 30.8555 1606
232.563 175.209 20.7776 1611
218.51 110.665 25.3614 1616
229.21 130.776 29.3898 1619
217.867 127.305 31.965 1623
217.032 125.98 31.9826 1624
218.816 125.821 31.9567 1626
231.874 141.372 18.6974 1633
215.917 164.757 20.8537 1641
217.028 164.555 17.9265 1642
216.607 162.449 19.037 1644
214.179 124.948 23.151 1653
211.562 110.485 33.4833 1657
212.694 111.478 34.1715 1658
219.962 133.465 32.0421 1660
218.134 134.013 31.5652 1661
215.665 136.757 22.2659 1664
231.47 114.048 21.4782 1683
230.442 149.872 29.4913 1688
220.594 136.849 31.9826 1693
219.758 142.318 17.7607 1696
210.315 109.871 30.9431 1700
216.223 148.707 24.8745 1705
216.492 147.2 25.9888 1706
230.512 117.894 21.3606 1723
217.564 157.881 17.9236 1728
217.259 160.326 18.1104 1729
218.829 159.868 16.3433 1731
236.553 119.28 29.8457 1734
236.016 120.528 29.9239 1735
234.787 119.514 30.5563 1737
218.438 146.967 29.4282 1765
232.455 173.056 19.8233 1773
232.192 170.765 18.8992 1774
231.417 172.505 17.2376 1776
221.494 116.623 30.2071 1778
221.696 118.025 29.8976 1779
220.766 117.883 31.5984 1781
231.48 107.625 22.9632 1784
232.72 148.33 19.8105 1802
232.102 162.845 26.3288 1808
232.376 160.451 26.0885 1809
232.922 161.817 23.8374 1811
233.462 135.475 28.1094 1814
233.81 134.222 28.1247 1815
234.476 135.056 26.8472 1817
227.464 143.065 16.6299 1821
221.406 114.096 28.5871 1829
217.873 177.728 27.2878 1834
235.317 123.49 20.4201 1845
220.454 153.203 30.7933 1853
218.208 153.003 28.8451 1854
228.784 118.361 27.4322 1857
229.717 117.674 28.8701 1858
220.947 114.09 31.2136 1860
221.131 115.515 30.9585 1861
220.405 115.089 32.1589 1862
230.057 113.55 28.7508 1877
230.925 112.588 29.712 1878
231.303 114.188 30.1219 1880
232.72 119.528 30.6238 1882
232.434 121.035 30.4911 1883
227.973 121.486 26.2542 1901
214.983 106.242 25.5842 1909
216.894 106.025 25.9387 1910
230.178 152.313 29.6146 1912
228.342 150.833 30.8875 1913
234.282 125.393 20.0211 1927
234.264 126.756 19.9984 1928
221.3 151.654 15.8376 1930
223.356 149.443 15.6511 1931
210.43 108.504 28.6278 1934
215.071 137.575 25.7462 1937
210.572 109.047 32.5354 1941
231.67 146.392 18.4712 1950
227.586 140.132 31.4162 1960
229.282 141.507 30.7281 1961
227.46 142.347 31.4924 1963
237.274 124.088 27.7933 1965
236.084 124.624 28.9559 1966
210.866 113.935 29.2781 1977
227.656 122.047 24.6397 1983
227.813 122.61 23.0774 1984
228.229 121.38 23.1148 1986
210.515 107.312 28.3176 1989
235.367 121.984 30.001 1996
222.503 122.056 27.9767 2001
222.394 121.457 26.246 2002
222.651 123.179 26.6444 2004
230.829 133.288 29.8041 2010
231.016 131.727 29.8284 2011
232.66 132.96 29.2934 2012
232.582 157.97 25.9206 2042
228.74 181.804 27.9461 2046
229.688 179.863 27.4002 2047
230.689 181.738 26.065 2049
223.33 128.855 27.6886 2058
223.695 129.981 27.9138 2059
223.176 129.507 28.8341 2060
213.581 129.472 28.3585 2063
229.29 120.688 21.8087 2081
223.839 139.703 32.0885 2092
224.116 137.52 32.0094 2093
225.982 138.796 31.758 2095
229.405 128.193 29.424 2108
228.396 127.298 28.5104 2110
229.108 162.977 15.3602 2119
233.29 118.365 30.7696 2121
231.216 126.722 30.1231 2130
220.861 127.088 31.1482 2136
239.438 112.469 28.5075 2141
210.409 110.024 29.1329 2154
210.902 109.643 27.7195 2155
226.62 131.345 27.7503 2157
227.516 132.329 29.0311 2158
225.396 143.164 31.9448 2164
223.586 143.994 32.0061 2165
224.011 141.779 32.0646 2167
232.591 173.467 22.6126 2171
227.454 123.93 23.0902 2172
228.421 123.333 21.7072 2174
214.841 108.398 35.7604 2182
239.916 110.381 24.1419 2187
236.381 131.108 23.4143 2195
228.575 119.926 23.1105 2196
228.756 118.889 23.2319 2197
228.169 119.67 24.7529 2198
233.706 121.8 30.4963 2206
231.981 122.031 30.3521 2207
239.177 111.038 29.4172 2221
232.241 107.09 30.5498 2239
232.65 108.399 30.8795 2240
233.634 107.499 31.3743 2241
238.824 118.145 27.2146 2263
238.539 119.489 27.2759 2264
237.873 118.824 28.7419 2265
229.953 109.572 27.187 2266
230.138 110.753 28.2909 2267
229.731 110.82 26.9826 2269
226.051 144.865 16.1866 2272
221.933 119.859 29.5728 2276
222.061 121.411 29.4611 2277
221.003 120.936 31.1612 2279
237.408 115.228 21.6005 2282
238.626 115.032 22.8358 2283
231.227 158.957 28.1569 2285
229.326 160.019 29.8572 2286
229.664 157.51 29.792 2287
232.346 130.057 29.8134 2296
233.456 128.712 29.7329 2297
233.932 130.071 29.2293 2299
220.887 170.453 13.9344 2303
228.561 130.375 19.0918 2307
221.15 126.799 22.2435 2310
240.494 108.501 27.8818 2321
227.828 170.377 29.6715 2326
227.667 167.699 30.0059 2327
230.376 169.134 27.9828 2329
232.681 169.811 23.1127 2331
232.829 167.577 22.2483 2332
232.693 169.16 20.7662 2333
211.601 110.277 26.6741 2334
211.61 111.697 26.6186 2335
234.935 125.394 29.6086 2340
218.582 135.233 19.3974 2347
213.827 119.061 32.505 2351
213.713 120.313 32.017 2352
212.693 119.402 31.285 2353
211.63 113.305 32.3961 2356
210.872 112.197 31.394 2357
225.961 159.586 14.3843 2358
212.581 124.4 28.493 2361
212.514 124.363 26.3828 2362
212.286 123.152 27.0756 2364
229.359 114.193 24.156 2372
218.198 157.297 28.6984 2375
216.049 156.735 24.0477 2378
225.814 130.047 23.592 2387
222.697 134.035 18.9199 2407
223.024 135.95 18.108 2408
224.649 134.921 18.2943 2409
211.169 114.907 30.4355 2412
213.91 122.231 23.493 2413
214.497 120.558 23.1668 2414
213.101 121.384 24.3652 2416
233.912 127.663 29.7207 2418
232.398 127.607 30.104 2420
214.576 111.35 24.6217 2423
225.968 151.637 31.7137 2430
225.209 154.493 31.8951 2431
223.004 152.695 31.7943 2433
223.568 131.98 30.5474 2435
222.087 132.743 31.7159 2436
216.512 145.533 21.3374 2445
221.177 112.889 28.4451 2449
220.585 112.379 26.9588 2451
217.294 175.424 26.755 2454
216.35 176.932 25.2275 2455
217.776 135.396 31.1307 2457
233.342 121.842 19.9936 2461
216.984 156.107 18.968 2466
218.436 155.67 17.1278 2468
228.692 178.185 28.3674 2471
221.94 147.065 16.2369 2476
212.448 120.18 25.3821 2481
228.672 117.537 24.2838 2483
222.203 162.081 30.9033 2493
229.415 127.67 19.386 2502
231.33 127.326 19.1514 2504
234.576 136.538 22.1167 2506
234.333 138.301 22.5226 2507
234.621 137.456 24.2522 2509
220.427 107.384 30.2542 2517
215.875 136.193 28.9262 2520
217.066 136.762 30.1685 2521
216.312 137.533 29.0829 2523
230.979 110.035 29.5168 2533
230.782 111.291 29.4208 2534
211.885 117.212 30.9784 2536
211.915 118.331 30.4319 2537
211.43 117.321 29.4477 2538
215.477 176.387 22.2936 2542
219.091 107.398 34.0955 2548
217.95 107.774 35.0533 2549
218.361 106.446 34.8954 2550
216.525 122.065 32.6572 2552
231.338 119.199 20.6485 2555
230.637 120.404 20.8173 2556
232.469 120.449 20.1663 2557
222.367 124.914 24.3271 2570
226.402 134.153 30.3484 2580
230.745 108.595 23.6627 2583
231.684 108.75 22.4628 2584
216.638 127.496 21.1941 2586
214.907 127.512 22.2427 2587
215.454 128.806 21.6514 2589
221.583 117.324 26.4952 2599
228.342 119.126 26.3119 2619
222.445 145.779 31.7903 2633
212.991 108.265 25.7463 2644
236.96 117.939 29.8362 2647
220.15 113.377 25.8489 2662
222.575 129.893 30.1025 2675
221.173 130.334 31.4694 2676
233.637 138.627 26.9582 2678
233.359 139.032 20.3731 2687
232.328 106.547 22.4254 2689
216.203 169.719 18.8228 2702
215.67 168.457 21.9459 2703
215.613 171.297 21.1087 2705
235.56 119.493 20.5746 2714
211.462 108.703 34.0679 2717
231.12 163.876 17.1806 2721
230.738 161.378 16.8413 2722
215.955 160.795 23.6398 2728
216.083 160.492 20.9717 2729
215.944 158.622 22.518 2730
221.977 123.079 29.6795 2732
219.239 113.345 33.4742 2735
222.077 118.556 27.9323 2738
217.292 173.381 26.8504 2747
232.887 165.579 22.0401 2749
226.549 128.024 23.2866 2752
238.72 120.257 25.6176 2757
215.827 180.247 18.0576 2768
213.262 125.551 29.4856 2772
226.873 146.867 31.5785 2773
226.336 149.15 31.6497 2774
224.423 147.616 31.9048 2776
221.719 133.05 19.442 2784
220.89 131.434 20.111 2785
219.973 133.455 19.3115 2787
210.645 112.388 29.5636 2789
222.015 140.542 31.9864 2805
213.756 131.043 27.8881 2817
213.258 129.979 26.2768 2818
226.543 132.886 18.9396 2826
235.356 107.816 31.714 2831
235.813 109.174 31.5797 2832
230.713 122.706 29.8841 2834
229.342 123.191 28.9906 2835
229.476 121.806 28.9164 2837
216.853 116.853 23.2237 2845
232.893 150.39 20.0177 2854
232.974 153.219 20.2915 2855
233.45 151.486 22.8172 2857
230.636 106.386 24.9292 2868
231.174 105.193 24.2312 2869
231.27 106.379 23.6197 2870
219.578 138.384 31.5358 2871
218.364 136.714 31.2143 2872
237.783 125.809 24.5929 2874
237.377 127.298 24.7308 2875
213.236 128.666 24.8446 2880
234.897 123.01 30.0434 2885
235.162 123.839 29.762 2886
233.605 123.721 30.3019 2887
221.62 115.666 29.1738 2891
217.692 141.869 19.402 2896
215.724 131.595 30.5599 2902
230.86 145.065 29.5596 2904
217.423 109.03 35.1575 2906
232.786 155.407 25.7328 2907
233.245 156.89 23.3323 2908
216.666 112.434 34.7913 2914
216.576 111.356 35.0053 2915
217.882 111.847 34.5104 2917
213.636 121.698 31.4923 2920
215.02 121.244 32.528 2922
215.601 110.605 35.2787 2931
234.706 114.007 20.6404 2943
235.334 112.858 20.786 2944
233.693 112.905 20.7952 2945
217.474 179.964 15.3341 2949
216.527 177.796 16.9376 2950
217.573 119.827 22.5865 2952
218.852 119.817 22.8764 2953
218.041 118.949 22.8667 2955
216.076 152.205 21.8418 2963
219.977 124.321 21.9015 2969
218.925 125.404 21.4792 2970
220.604 125.576 22.0575 2972
232.299 144.057 28.0432 2973
233.367 142.803 26.2228 2974
216.134 148.216 22.3745 2978
216.083 150.366 23.2448 2980
221.658 128.051 30.5406 2981
222.388 127.731 29.4974 2982
222.332 128.608 29.8746 2983
219.898 129.346 31.7791 2987
220.566 128.104 31.426 2990
227.841 128.142 20.3554 2997
221.089 158.125 15.1316 3001
222.884 127.345 24.8387 3005
237.235 107.328 21.5129 3012
235.522 107.534 21.1998 3013
236.83 109.103 21.32 3014
219.28 105.777 27.8753 3017
218.491 106.502 26.7179 3018
219.649 107.593 27.6149 3020
233.536 140.518 26.6472 3026
219.653 118.927 32.5251 3030
219.665 120.406 32.3014 3031
233.876 108.511 21.302 3033
234.261 117.944 20.3161 3040
233.208 116.543 20.459 3041
232.33 117.875 20.4759 3043
212.653 114.217 33.219 3044
211.707 114.625 31.9179 3046
232.229 112.959 21.2519 3051
222.962 126.481 25.9954 3053
222.651 126.196 24.615 3054
219.622 123.616 31.8357 3058
214.308 118.195 23.6115 3061
215.064 119.312 23.0667 3062
215.958 117.858 23.0764 3064
230.151 139.986 17.6092 3066
218.657 172.703 15.0419 3071
220.204 175.251 13.7616 3072
213.597 130.206 24.3467 3073
223.732 131.21 21.7733 3076
223.389 132.204 20.261 3077
224.505 131.709 20.917 3079
212.758 125.883 25.8953 3087
224.838 135.166 31.4762 3093
222.629 136.211 32.0994 3094
217.897 170.214 16.0396 3100
233.945 109.602 21.1471 3101
233.504 110.904 21.0835 3102
220 181.58 28.605 3104
217.565 181.314 26.7801 3105
218.845 179.474 28.0332 3107
228.664 180.451 13.9071 3108
218.073 122.98 32.3684 3113
215.394 139.318 25.6448 3121
215.679 138.589 27.5019 3122
215.973 144.423 23.7204 3130
215.905 143.286 25.5903 3131
216.27 145.459 25.8453 3133
225.751 133.606 18.7633 3134
225.14 132.373 19.8533 3135
238.456 111.408 22.278 3138
238.97 110.116 22.6857 3139
237.8 110.226 21.7437 3140
222.838 130.243 22.4142 3149
224.789 161.852 31.2114 3170
234.399 124.3 20.0535 3173
214.081 131.797 23.7482 3177
231.546 126.041 19.4432 3183
213.55 106.115 25.8582 3186
219.662 121.978 32.0585 3192
224.742 131.589 28.6446 3201
225.071 133.011 30.1371 3202
224.853 157.009 31.6697 3207
227.719 155.94 31.0797 3208
232.524 122.609 19.9388 3220
234.078 122.838 20.0115 3221
215.273 113.144 34.6849 3222
216.619 113.739 34.5384 3223
228.063 157.872 15.1771 3235
231.733 154.734 18.1084 3243
229.658 153.688 16.2849 3244
229.997 156.278 16.3849 3245
221.666 170.419 30.0913 3249
219.063 137.175 18.9253 3254
220.786 123.328 22.7128 3262
221.924 123.54 23.9812 3263
229.036 176.157 14.4531 3265
226.339 175.82 13.1498 3266
227.488 178.122 13.4055 3268
228.152 120.217 26.2107 3271
227.022 124.707 24.6875 3273
227.225 125.522 26.1935 3275
232.92 160.876 21.265 3281
232.902 163.26 21.5674 3282
214.195 128.911 29.6843 3286
214.832 127.562 30.771 3287
227.473 147.327 16.1415 3290
224.964 147.244 15.7753 3292
231.718 170.099 26.0151 3293
231.641 167.291 26.5456 3294
215.847 164.339 23.3586 3295
215.731 166.515 22.0964 3296
227.689 135.825 30.6831 3298
227.466 133.71 29.8533 3299
211.881 115.807 26.2093 3301
211.775 114.695 26.3553 3302
236.65 124.153 21.4549 3306
237.453 124.975 22.8431 3307
211.816 115.923 31.4835 3308
232.181 171.641 24.7557 3309
214.012 114.431 24.3143 3312
230.196 121.826 20.7894 3317
213.258 128.062 28.2796 3319
213.509 122.978 30.8134 3322
219.764 124.828 31.7033 3327
229.288 117.883 22.6874 3330
233.141 150.024 25.3052 3331
220.385 142.161 31.4718 3335
230.571 106.57 27.9264 3336
230.39 106.402 26.3947 3337
234.079 113.693 31.1803 3339
219.542 148.536 30.2881 3348
223.978 170.991 13.2372 3350
222.841 168.396 13.5779 3351
219.167 111.857 33.6829 3353
239.153 116.14 24.1569 3360
239.445 114.71 24.451 3361
222.575 123.998 25.4271 3364
221.451 177.639 13.0378 3365
215.11 135.29 27.9583 3368
215.66 134.588 29.2898 3369
219.427 116.043 33.0317 3372
221.478 115.245 27.6788 3378
220.72 114.634 26.1109 3379
221.31 116.091 26.5246 3380
221.404 134.564 32.088 3382
210.444 111.038 30.1028 3387
234.781 136.033 25.4657 3389
214.037 110.986 34.9683 3391
213.912 112.422 34.5362 3392
231.049 176.627 16.5114 3393
230.318 174.295 15.7066 3394
227.137 144.518 31.5756 3395
235.945 130.135 21.8191 3397
236.209 128.639 21.8171 3398
235.14 129.171 20.6634 3399
230.242 110.785 23.7189 3407
235.318 127.397 28.9273 3408
236.087 128.368 27.8534 3409
228.907 162.44 29.9109 3420
219.568 114.333 24.9187 3421
218.285 114.119 24.2157 3422
217.495 133.513 20.0376 3424
216.028 130.343 21.0905 3426
214.677 109.974 24.8559 3428
239.604 109.27 23.3725 3429
232.883 127.066 19.4563 3431
234.099 128.042 19.8827 3432
229.732 146.482 17.0655 3437
233.006 155.848 20.6307 3438
233.694 112.365 31.2041 3440
235.386 112.792 31.2416 3441
216.897 152.941 26.7669 3442
217.467 150.868 27.9047 3443
237.4 116.921 29.7174 3445
238.364 116.164 28.9036 3446
216.122 162.913 24.7186 3448
216.518 164.603 25.8473 3449
240.224 108.085 24.1845 3453
240.705 108.331 26.0688 3454
240.761 106.832 25.1848 3455
230.616 147.4 29.5667 3461
232.047 148.852 27.7664 3462
229.963 154.924 29.7479 3466
238.184 121.069 27.3673 3469
237.718 122.587 27.6563 3470
236.94 121.676 28.9635 3472
219.44 109.709 33.5709 3476
213.465 117.269 24.2928 3482
213.822 115.975 24.2036 3483
212.448 116.558 25.3666 3484
233.333 137.156 27.8393 3486
232.348 136.212 28.9534 3487
224.133 130.532 27.4968 3493
230.863 180.711 16.063 3494
232.079 181.063 18.6381 3495
227.451 175.766 29.3013 3500
217.028 137.239 20.4101 3502
216.426 154.213 20.3573 3505
216.099 156.42 21.3896 3506
232.62 166.197 24.3225 3514
227.513 183.894 28.4412 3519
215.199 115.792 34.021 3522
216.726 114.393 23.7786 3524
215.357 115.228 23.7036 3525
217.407 107.727 25.6604 3528
215.563 178.635 23.0465 3530
238.515 119.324 23.5847 3534
216.104 120.172 22.5882 3537
216.941 120.927 22.3235 3538
230.737 127.753 30.0017 3540
230.573 129.181 29.8685 3541
235.326 133.298 21.9399 3542
235.699 131.724 21.9314 3543
218.911 128.441 31.9078 3545
215.153 118.51 33.305 3546
231.06 130.464 29.8627 3552
213.133 124.547 24.6068 3553
226.959 160.946 30.9323 3554
225.284 159.381 31.4036 3555
217.105 147.205 19.8074 3557
230.142 174.163 27.6306 3559
218.017 114.273 34.0683 3560
216.649 115.065 34.2616 3561
216.628 139.267 28.9972 3563
235.018 134.873 22.0525 3568
235.528 134.174 23.744 3569
232.284 183.284 19.8373 3574
232.398 181.314 21.372 3575
220.521 126.126 31.2938 3589
221.512 126.173 30.3802 3590
230.174 109.625 24.416 3593
220.59 116.798 25.0169 3594
230.659 107.736 28.5877 3595
231.161 106.793 29.3017 3596
231.942 137.64 18.8245 3597
222.562 124.998 28.3394 3604
214.497 126.118 22.7653 3605
217.344 159.242 27.5046 3607
226.617 127.449 24.7361 3610
226.761 126.723 23.2336 3611
217.528 167.375 16.8157 3612
232.525 135.893 19.1755 3618
216.437 123.712 32.2581 3627
216.074 125.014 31.9141 3628
214.611 124.017 31.524 3629
211.767 117.203 26.5511 3631
211.413 117.469 28.0562 3632
211.634 118.206 27.1962 3634
225.094 166.487 13.6734 3636
230.385 158.899 16.5981 3641
232.072 159.828 18.7342 3642
229.531 172.034 15.0925 3644
219.302 114.703 33.2736 3645
216.097 108.987 24.9986 3646
216.627 116.431 33.9735 3652
236.69 111.877 31.048 3658
236.248 110.5 31.3644 3659
237.845 110.851 30.6606 3660
227.056 130.575 20.1005 3662
211.751 113.26 26.3855 3667
216.003 168.009 24.3971 3668
225.059 173.384 13.0929 3671
229.383 113.152 27.0147 3673
230.037 108.567 26.5223 3676
230.269 108.508 27.8393 3677
235.506 129.874 28.0071 3681
234.688 131.268 28.3067 3682
219.492 117.447 32.8145 3683
221.743 175.647 29.7139 3684
223.094 177.406 29.8285 3685
233.968 129.545 19.731 3689
237.275 114.519 30.3088 3692
218.25 109.711 34.6136 3694
220.058 119.686 23.5388 3698
219.699 120.45 23.0905 3700
230.854 142.724 29.6795 3701
226.651 129.343 26.1691 3704
226.843 128.2 26.0918 3705
229.745 110.75 25.1965 3707
229.485 111.866 26.3056 3708
217.822 126.313 21.2161 3713
239.13 107.794 22.6592 3717
214.267 107.289 25.4553 3723
219.752 108.236 33.1641 3727
219.92 106.965 32.7617 3728
214.319 109.797 35.3555 3730
213.197 108.748 35.283 3731
239.055 116.637 27.4059 3732
239.232 115.355 27.6329 3733
227.013 125.295 23.1146 3735
214.275 108.398 25.241 3737
216.177 152.653 24.3338 3738
216.417 154.784 25.4895 3739
220.605 108.607 30.5005 3742
220.394 108.18 29.0107 3743
225.788 138.988 17.0935 3745
214.577 130.354 22.4906 3746
212.974 127.251 25.4063 3755
212.782 127.084 27.2562 3756
231.204 122.784 20.1413 3758
229.739 122.962 20.7275 3759
239.187 112.459 23.2626 3760
239.749 113.123 24.7377 3761
239.943 112.003 24.8616 3762
216.798 156.992 26.5165 3766
227.669 126.371 27.4703 3769
233.131 124.744 19.743 3771
232.01 123.819 19.8047 3772
231.902 124.861 19.6517 3773
217.753 165.291 27.8112 3774
218.928 163.535 29.0889 3775
226.202 129.277 23.3017 3776
226.139 129.717 24.9605 3777
219.771 179.877 13.5116 3778
222.779 180.012 12.526 3779
233.432 144.266 21.5254 3786
233.119 146.764 20.7893 3787
221.711 128.052 22.4613 3795
228.629 125.901 28.6373 3799
215.513 173.563 21.2673 3801
226.725 128.756 21.8359 3802
211.736 107.356 34.8103 3804
218.446 182.357 14.1389 3807
234.613 115.044 31.0765 3808
232.931 114.619 30.9121 3809
238.88 117.61 23.9459 3815
239.232 117.207 25.7284 3816
215.262 126.365 31.3073 3819
223.828 130.532 23.5292 3820
238.009 124.235 24.3373 3821
214.661 132.09 29.0701 3822
216.619 120.672 33.0137 3824
219.54 139.613 18.2986 3825
221.293 137.686 18 3826
234.206 137.819 25.9059 3827
219.498 109.614 26.5666 3829
223.238 128.7 25.1137 3830
214.953 136.439 24.24 3833
214.783 135.817 26.1715 3834
235.751 115.303 20.7597 3837
234.042 115.341 20.5114 3839
216.324 142.303 27.514 3840
223.39 128.59 26.5167 3843
238.14 123.411 25.9822 3845
222.765 127.25 28.5366 3850
223.006 126.889 27.3231 3851
223.207 127.95 27.4782 3852
222.862 125.735 27.1062 3854
238.226 122.622 24.1149 3855
227.769 137.963 31.1249 3858
228.595 121.007 27.6737 3860
232.869 111.785 21.1659 3862
229.385 137.335 30.429 3864
216.406 183.284 25.1033 3868
215.864 181.031 24.067 3869
228.814 125.447 20.4545 3870
222.057 124.479 29.5124 3871
215.813 175.325 18.9729 3874
232.734 108.946 21.6874 3875
226.234 130.785 20.8608 3880
227.02 131.628 19.4532 3881
213.864 113.698 34.1601 3882
216.938 166.762 26.6079 3883
222.063 125.672 29.5374 3884
223.988 130.148 26.3794 3885
232.935 152.786 25.5819 3886
232.126 111.882 30.6142 3890
222.333 129.238 22.6649 3891
230.468 136.274 18.1209 3900
214.616 133.41 23.2332 3901
215.208 135.084 22.6691 3902
215.772 133.618 21.3818 3904
236.142 115.172 30.7536 3905
212.748 113.768 25.2404 3907
219.072 146.909 17.598 3908
215.714 141.337 25.4657 3909
238.383 113.529 29.6349 3910
225.016 131.372 21.3154 3913
236.329 118.231 20.9608 3914
239.439 113.721 27.9524 3917
228.235 126.78 20.399 3923
211.972 119.582 29.7835 3925
230.596 144.894 17.6373 3928
234.848 106.435 31.7494 3930
221.858 148.043 31.5527 3931
220.289 109.292 32.1872 3933
220.707 110.031 31.0322 3934
236.994 128.027 23.1744 3935
217.113 141.1 29.1541 3939
218.147 139.927 30.4301 3940
216.888 110.046 35.1829 3942
232.758 142.85 19.8163 3945
221.134 144.438 31.5448 3946
221.642 121.45 24.4365 3947
220.451 121.304 23.3143 3948
226.996 171.436 13.6998 3949
214.179 112.983 24.4674 3952
226.357 130.285 26.3053 3955
233.923 135.549 20.4976 3958
221.765 130.198 21.2969 3959
232.419 164.638 19.5218 3960
225.538 166.063 30.7687 3961
228.513 164.922 29.88 3962
228.14 139.537 17.1118 3963
228.384 141.518 16.9573 3964
234.164 132.621 28.3035 3968
230.875 136.648 29.8012 3972
230.822 134.938 29.8509 3973
219.829 117.552 24.0439 3975
225.851 131.228 26.9732 3984
232.969 109.659 31.0538 3986
231.656 109.247 30.1704 3987
238.511 108.357 30.7162 3990
238.156 106.963 31.1893 3991
211.701 119.527 28.0166 3994
223.281 175.401 12.8856 3995
222.718 128.431 23.7721 3997
234.126 106.727 21.4763 4001
229.076 124.492 28.9326 4002
230.112 125.496 29.7854 4003
221.258 113.31 29.8623 4004
220.548 144.581 17.0328 4006
231.884 105.793 30.1144 4007
232.179 110.963 21.6309 4008
231.972 123.525 30.3167 4011
218.903 118.058 23.3702 4014
220.128 118.452 23.9819 4015
223.831 130.088 25.1088 4016
221.437 183.778 28.9802 4018
227.81 132.942 18.5373 4022
229.157 134.307 18.0668 4023
213.314 124.258 30.15 4025
219.269 123.191 21.8663 4028
229.216 133.673 29.9037 4030
230.633 163.939 28.3308 4031
220.626 155.661 15.6543 4033
231.712 153.865 27.9012 4034
221.097 123.904 30.8125 4035
213.743 127.405 23.6585 4036
230.257 107.476 25.7126 4037
221.212 150.428 31.2579 4039
232.236 176.991 19.0793 4040
220.174 112.246 32.5387 4042
220.777 111.374 31.2268 4043
228.667 116.726 25.3542 4045
228.97 115.435 24.737 4046
221.737 173.652 29.8711 4048
219.14 174.148 28.5935 4049
231.414 143.42 18.2685 4050
212.859 118.807 24.7643 4051
211.97 119.265 26.3589 4052
231.159 110.794 22.4599 4054
230.365 125.119 19.8122 4057
229.251 124.191 20.5986 4058
239.74 114.147 26.2248 4060
212.852 105.328 26.2653 4064
212.306 106.42 26.3976 4065
216.805 131.828 20.5098 4066
216.919 168.709 26.5091 4067
239.752 108.512 29.4367 4068
238.915 109.714 30.0714 4069
227.452 126.012 21.6753 4071
216.633 161.058 26.1745 4072
232.828 134.242 19.2062 4074
233.342 111.002 31.1719 4075
227.111 164.665 14.2557 4076
220.698 160.539 15.0134 4077
217.63 118.032 23.015 4078
228.51 117.762 25.9692 4079
216.321 123.173 22.0395 4080
217.833 123.321 21.7451 4081
235.16 134.771 25.4294 4083
215.295 180.491 21.0364 4086
215.416 182.698 19.0605 4087
225.905 180.122 12.6987 4088
240.42 107.128 28.7958 4089
230.838 108.735 29.1403 4090
236.871 116.543 21.266 4091
213.883 123.393 23.4944 4092
219.987 105.609 32.2942 4093
220.29 106.553 31.1734 4094
225.517 130.611 22.4157 4095
227.36 129.509 20.359 4096
215.425 107.108 36.0345 4097
237.839 118.115 22.2141 4099
224.108 182.392 12.2753 4100
229.393 143.548 17.095 4103
230.186 108.538 25.0712 4104
226.478 162.205 14.2586 4105
223.707 161.37 14.1108 4106
219.494 112.043 25.6593 4108
211.919 108.815 26.4368 4109
216.463 121.826 22.2118 4110
210.957 112.677 27.9588 4112
224.613 171.937 30.3395 4115
237.11 128.774 24.8285 4116
218.103 117.008 33.5796 4117
222.759 124.498 26.9779 4118
211.337 106.932 27.159 4119
210.673 106.049 28.0276 4120
217.147 171.039 26.753 4121
220.125 106.104 29.6626 4122
214.013 126.418 30.2567 4123
213.164 126.635 28.8008 4124
234.245 120.632 20.1598 4125
218.066 149.356 28.7845 4126
236.56 129.437 26.5749 4127
230.828 138.559 29.7683 4128
221.937 125.889 23.2148 4129
230.932 140.577 29.6632 4131
229.76 182.781 14.6856 4132
218.76 169.74 28.5776 4133
231.666 173.709 25.5919 4134
238.107 106.073 21.9068 4135
223.498 138.512 17.3855 4138
215.316 122.642 22.5273 4139
216.623 119.205 33.3636 4140
219.457 104.818 28.6326 4141
231.854 168.606 18.1579 4142
231.457 166.211 17.5385 4143
229.329 113.1 25.1484 4144
220.16 140.146 31.5722 4145
232.225 115.298 20.8758 4146
218.052 161.381 28.357 4147
220.064 161.726 30.0219 4148
233.742 105.354 21.8163 4149
216.57 143.441 21.1069 4150
228.922 146.056 30.8176 4151
226.093 177.494 29.6041 4152
231.845 181.593 23.9536 4154
231.307 183.661 24.8178 4155
0 1 2 1302 1303 1305 
3 4 5 3208 3466 2287 
12 13 14 1653 3605 815 
18 19 20 1239 1240 1242 
25 23 24 3756 4124 3319 
25 24 26 3319 3286 2063 
28 29 27 1539 1540 1542 
32 30 31 3494 3495 673 
32 31 33 673 4040 3393 
36 34 35 1259 1260 1262 
35 28 36 1857 1858 1262 
18 20 37 1242 3968 3682 
2 1 38 1303 2973 2974 
39 40 18 4116 1495 4127 
42 43 41 2920 2352 2922 
46 44 45 1533 1534 1536 
48 49 47 1723 804 3330 
5 4 50 3466 1912 4034 
30 51 31 3574 3575 3495 
48 53 52 2196 1986 2081 
53 54 52 1983 1984 1986 
56 57 55 2058 2059 2060 
58 59 60 1021 649 3961 
1 0 50 1302 3331 3462 
62 63 61 3046 3308 2412 
19 45 64 3542 3568 3569 
46 45 19 1536 3542 3543 
28 47 29 4045 4046 1539 
67 68 66 3641 2722 3642 
32 69 30 3108 4132 3494 
70 41 43 2351 2352 2353 
32 71 69 3268 4088 3108 
41 72 73 3546 1083 4140 
75 54 74 1584 1585 1587 
28 76 47 4079 2483 4045 
77 78 79 3339 3808 3809 
80 75 81 3799 4002 4003 
46 82 83 3399 3432 3689 
3 84 4 3207 2431 3208 
86 87 85 1208 1209 1211 
3 60 88 3554 3170 3555 
46 40 82 3397 3398 3399 
90 68 89 2119 4105 4076 
90 66 68 2721 2722 2119 
58 91 92 2326 1204 4115 
63 70 61 924 2536 3308 
37 93 94 2296 2297 2299 
34 74 35 2837 3860 1260 
53 76 35 2198 2619 3271 
35 76 28 2619 4079 1857 
89 95 96 1087 3351 3636 
95 89 97 1087 1088 1090 
39 18 94 4127 3681 3409 
37 94 18 2299 3681 3682 
98 54 75 3273 1584 3275 
98 99 54 3735 2172 3273 
100 64 45 2506 3568 3958 
40 19 18 2195 1239 1495 
40 46 19 3397 3543 2195 
102 103 101 2445 4150 3130 
33 31 104 4040 1139 1611 
80 81 105 4003 960 2130 
89 96 90 3636 714 4076 
55 107 106 3201 3202 2435 
48 47 76 3330 2483 2197 
53 48 76 2196 2197 2198 
35 74 53 3860 1901 3271 
53 74 54 1901 1585 1983 
20 108 37 1815 2012 3968 
109 110 101 3121 3909 1518 
63 72 70 921 922 924 
41 70 72 2351 922 3546 
83 44 46 1230 1533 3689 
105 93 80 2420 3540 2130 
105 94 93 2418 2297 2420 
111 72 63 3522 921 762 
112 40 39 3935 4116 2875 
112 82 40 1461 3398 3935 
32 33 113 3393 3394 3265 
75 74 81 1587 2835 4002 
34 81 74 2834 2835 2837 
32 113 71 3265 3266 3268 
114 68 67 3235 3641 3245 
116 103 115 2896 1696 3825 
118 119 117 2787 3424 2347 
120 15 22 850 3991 3990 
89 68 121 4105 2358 4106 
56 122 57 3852 3843 2058 
123 115 103 1214 1696 4006 
125 126 124 3815 3816 3360 
128 125 127 4091 2282 3837 
129 83 82 3431 3432 1928 
58 60 130 3961 3962 2327 
94 105 131 2418 1099 3408 
119 132 133 1132 1133 1135 
134 125 128 4099 4091 3914 
135 125 124 2283 3360 3361 
136 137 22 2321 4068 4089 
56 138 122 3850 3851 3852 
91 104 139 4134 844 3559 
91 139 92 3559 3500 1204 
140 141 142 3012 3717 4135 
143 45 44 4074 1534 1176 
100 45 143 3958 4074 3618 
118 116 115 3254 3825 3826 
144 134 128 2714 3914 3040 
85 87 127 1209 2944 689 
145 23 13 2362 3087 3553 
42 41 146 2922 3824 2552 
147 62 148 2789 1977 4112 
116 117 109 3502 1664 1521 
116 118 117 3254 2347 3502 
94 131 39 3408 1007 3409 
85 141 86 3140 3014 1211 
52 54 99 1984 2172 2174 
52 99 152 2174 4058 3759 
27 36 28 1146 1858 1542 
27 79 36 1143 1144 1146 
153 154 155 3482 3483 3484 
143 156 100 3900 3597 3618 
150 157 151 2868 2870 2869 
89 121 97 4106 4077 1088 
158 97 121 1731 4077 3001 
116 101 103 1519 4150 2896 
109 101 116 1518 1519 1521 
114 121 68 927 2358 3235 
144 128 49 3040 3041 3043 
135 127 125 690 2282 2283 
85 127 135 689 690 692 
77 159 160 3890 4075 3440 
78 77 160 3339 3440 3441 
128 127 161 3837 2943 3839 
161 127 87 2943 2944 2945 
77 79 27 3809 1143 1880 
27 162 77 1877 1878 1880 
123 163 164 2272 1821 1215 
115 123 164 1214 1215 916 
99 98 165 3735 3611 4071 
154 166 155 3525 3312 3483 
25 13 23 3755 3087 3756 
5 50 168 4034 3886 2907 
129 169 83 3183 2504 3431 
169 129 152 3183 3773 4057 
165 171 170 3802 4096 2997 
5 172 3 2285 2286 2287 
3 172 60 2286 3420 3554 
133 14 173 2586 2587 2589 
174 175 176 3807 3778 2949 
177 174 176 2768 2949 2950 
179 180 178 3829 868 976 
181 182 183 3428 3646 3737 
83 170 44 1227 1228 1230 
184 185 23 4025 2772 2361 
5 186 172 2042 1809 2285 
122 138 187 3851 3854 3053 
188 85 135 3138 692 3760 
129 189 152 3771 3772 3773 
173 13 25 4036 3755 2880 
173 14 13 2587 3605 4036 
130 60 172 3962 3420 4031 
193 133 132 1164 1133 1166 
193 132 194 1166 3795 2310 
186 168 67 2908 3438 1297 
186 5 168 2042 2907 2908 
138 195 187 3604 4118 3854 
183 179 11 3528 3018 1910 
196 108 20 1814 1815 1817 
169 170 83 2502 1227 2504 
169 165 170 3923 2997 2502 
184 23 145 2361 2362 2364 
67 66 186 3642 3281 1297 
179 182 180 1356 1616 3829 
182 179 183 1356 3528 3646 
197 47 49 803 804 806 
198 199 200 2963 3505 1347 
27 29 162 1540 3673 1877 
95 97 201 1090 1642 3612 
48 144 49 2555 3043 1723 
177 176 202 2950 822 3874 
0 168 50 2857 3886 3331 
42 185 184 3629 4025 3322 
184 43 42 1161 2920 3322 
203 202 176 3071 822 3072 
99 165 169 4071 3923 3870 
169 152 99 4057 4058 3870 
204 4 84 2430 2431 2433 
197 29 47 2372 4046 803 
202 95 201 3100 3612 2702 
205 2 38 752 2974 3026 
206 163 123 3290 2272 3292 
177 207 174 4086 4087 2768 
210 208 209 4064 4065 3186 
206 123 211 3292 2476 1931 
73 212 146 3030 3031 696 
73 146 41 696 3824 4140 
129 213 189 1927 3173 3771 
214 38 215 1430 4131 4128 
216 11 179 3017 3018 3020 
9 11 216 4141 3017 4122 
218 219 217 2165 2633 3946 
0 2 220 1305 3786 3787 
223 221 222 2182 4097 1423 
224 1 50 3461 3462 1688 
225 48 52 2556 2081 3317 
144 48 225 2555 2556 2557 
33 226 113 1776 3644 3394 
206 227 114 1154 929 1155 
70 43 228 2353 3925 2537 
229 230 106 1693 3382 3094 
113 96 203 3949 3350 3671 
205 231 2 749 750 752 
206 114 232 1155 3244 983 
212 233 146 2279 3192 3031 
196 214 108 3486 3487 1814 
216 179 178 3020 976 3743 
224 50 4 1688 1912 1913 
224 4 204 1913 2430 2774 
152 225 52 3758 3317 3759 
152 189 225 3772 3220 3758 
19 64 20 3569 4083 1240 
196 20 64 1817 4083 3389 
113 226 96 3644 716 3949 
226 90 96 713 714 716 
211 227 206 1930 1154 1931 
62 61 148 2412 1034 1977 
198 103 102 3557 2445 2978 
134 126 125 3534 3815 4099 
156 231 100 839 2687 3597 
231 205 100 749 2507 2687 
203 95 202 2303 3100 3071 
203 96 95 3350 3351 2303 
133 193 14 1164 3713 2586 
235 207 177 3869 4086 3530 
122 187 194 3053 3054 3005 
199 236 237 3739 3766 2378 
214 205 38 2678 3026 1430 
205 214 196 2678 3486 3827 
175 69 71 4100 4088 3779 
71 176 175 3365 3778 3779 
238 225 189 2461 3220 3221 
144 225 238 2557 2461 4125 
238 189 213 3221 3173 1845 
64 205 196 2509 3827 3389 
64 100 205 2506 2507 2509 
141 140 86 3012 3013 3014 
11 210 183 1079 1909 1910 
209 183 210 3723 1909 3186 
195 233 239 2732 2277 2001 
240 79 78 1293 3808 3905 
67 168 232 3438 2855 3243 
67 232 114 3243 3244 3245 
0 232 168 2854 2855 2857 
227 121 114 926 927 929 
227 158 121 4033 3001 926 
123 103 211 4006 3908 2476 
198 211 103 1346 3908 3557 
146 241 42 3113 3627 2552 
212 239 233 2276 2277 2279 
82 112 213 1461 1462 1464 
82 213 129 1464 1927 1928 
192 191 242 954 958 956 
192 242 243 956 1934 1989 
231 220 2 3945 3786 750 
126 244 124 2263 3732 3816 
71 113 203 3266 3671 3995 
71 203 176 3995 3072 3365 
110 109 245 3121 1937 3122 
232 0 246 2854 1802 980 
178 247 216 3742 2517 3743 
109 117 248 1664 3902 3833 
109 248 245 3833 3834 1937 
8 207 235 3868 3869 3105 
146 233 241 3192 3058 3113 
249 182 166 1545 1546 1547 
229 251 230 2871 2872 1693 
111 252 72 3561 3652 3522 
253 120 160 2832 3659 1047 
254 159 162 2533 2534 2267 
142 255 136 3453 3454 3455 
255 137 136 1501 2321 3454 
256 33 104 1773 1611 2171 
252 73 72 4117 1083 3652 
178 180 257 868 869 871 
258 257 180 2449 869 2451 
161 49 128 4146 3041 3839 
161 197 49 1683 806 4146 
23 185 24 2772 4123 4124 
160 159 253 4075 3986 1047 
181 183 209 3737 3723 2644 
221 259 191 3731 2717 3804 
77 162 159 1878 2534 3890 
119 133 260 1135 3426 4066 
245 248 261 3834 863 3368 
142 141 255 3717 3429 3453 
226 262 90 4142 4143 713 
66 90 262 2721 4143 3960 
219 224 204 2773 2774 2776 
256 104 91 2171 4134 3309 
138 263 195 3884 3871 3604 
263 233 195 4035 2732 3871 
253 15 120 2831 850 2832 
15 253 16 2831 2241 3930 
157 150 264 2868 3337 4037 
150 65 264 1602 3336 3337 
219 204 217 2776 3931 2633 
173 260 133 3746 3426 2589 
249 180 182 4108 1616 1545 
258 180 249 2451 4108 2662 
243 242 147 1934 2154 2155 
134 144 238 2714 4125 637 
265 266 252 2735 3645 3560 
265 252 111 3560 3561 3223 
143 267 156 4023 1106 3900 
84 268 236 1127 2375 1509 
237 236 268 3766 2375 3607 
269 135 124 3761 3361 4060 
153 155 271 3484 3301 3631 
245 261 272 3368 3369 2520 
101 110 273 3909 3840 3131 
102 101 273 3130 3131 3133 
274 261 248 862 863 865 
244 126 275 2263 2264 2265 
145 276 184 1224 1158 2364 
251 110 245 3563 3122 2523 
110 277 273 3939 1043 3840 
277 217 273 1040 1041 1043 
154 279 278 3064 4078 2845 
1 280 38 2904 3701 2973 
38 280 215 3701 1961 4131 
266 265 281 2735 3353 4042 
115 282 118 4138 2408 3826 
39 283 112 1010 2874 2875 
284 162 29 3708 3673 4144 
238 213 285 1845 3306 639 
25 274 173 2818 3073 2880 
286 275 126 3469 2264 2757 
275 286 287 3469 3470 3472 
243 208 192 4119 4120 1989 
208 243 209 4119 874 4065 
288 289 263 2136 3589 3590 
184 276 43 1158 1159 1161 
228 43 276 3925 1159 3994 
290 291 6 2046 3519 1315 
139 104 292 844 845 847 
31 292 104 1138 845 1139 
163 293 164 4103 3964 1821 
286 126 134 2757 3534 1353 
14 193 294 3713 2970 816 
12 14 294 815 816 818 
284 29 197 4144 2372 1123 
287 283 131 1965 1008 1966 
39 131 283 1007 1008 1010 
80 93 295 3540 3541 2108 
277 110 251 3939 3563 3940 
277 251 229 3940 2871 4145 
280 224 219 4151 2773 3395 
280 1 224 2904 3461 4151 
115 164 282 916 3745 4138 
260 117 119 3904 3424 4066 
260 248 117 3901 3902 3904 
243 181 209 4109 2644 874 
26 261 274 3822 862 2817 
25 26 274 2063 2817 2818 
296 237 268 4072 3607 4147 
86 297 87 3101 3102 1208 
269 124 298 4060 3733 3917 
188 135 269 3760 3761 3762 
148 61 271 1034 1035 1037 
148 271 155 1037 3301 3302 
106 107 299 3202 2580 3093 
218 277 229 3335 4145 2805 
277 218 217 3335 3946 1040 
245 272 251 2520 2521 2523 
230 251 272 2872 2521 2457 
173 274 260 3073 3177 3746 
274 248 260 865 3901 3177 
285 112 283 3307 2874 3821 
285 213 112 3306 1462 3307 
111 300 265 3222 2914 3223 
120 22 137 3990 4068 4069 
240 78 298 3905 3692 1580 
301 302 171 3913 3880 4095 
255 269 137 1500 1320 1501 
303 304 26 1481 2902 945 
24 185 305 4123 3819 3287 
58 92 308 4115 4048 3249 
309 57 122 1417 3843 3830 
310 296 59 3774 3775 1019 
98 311 165 3610 2752 3611 
165 311 171 2752 3776 3802 
255 188 269 2187 3762 1500 
108 312 37 2010 2011 2012 
295 93 37 3541 2296 3552 
279 313 314 3062 2414 3537 
316 278 315 1558 1559 1561 
281 247 178 3933 3742 3934 
317 215 280 1960 1961 1963 
299 215 317 3858 1960 2095 
319 318 310 3668 3883 4067 
320 201 97 1641 1642 1644 
298 78 321 3692 1383 3910 
298 321 269 3910 2141 3917 
97 322 320 1729 2729 1644 
60 59 88 649 2493 3170 
91 58 130 2326 2327 2329 
321 160 120 3658 3659 3660 
78 160 321 3441 3658 1383 
261 26 304 3822 2902 661 
261 304 272 661 1489 3369 
309 323 57 4016 3885 1417 
301 323 309 1096 4016 3820 
124 244 298 3732 3446 3733 
244 240 298 3445 1580 3446 
61 70 228 2536 2537 2538 
61 228 271 2538 3632 1035 
324 118 282 2407 2408 2409 
273 217 325 1041 1765 1570 
223 259 221 3730 3731 2182 
300 259 223 3391 3730 2931 
85 188 141 3138 3139 3140 
255 141 188 3429 3139 2187 
157 264 326 4037 3676 4104 
153 271 228 3631 3632 3634 
228 276 153 3994 4052 3634 
102 327 198 1705 2980 2978 
218 229 317 2805 2092 2167 
267 282 156 1103 1104 1106 
164 156 282 3963 1104 3745 
111 328 300 3882 3392 3222 
296 320 237 3448 2728 4072 
329 330 331 738 3947 3948 
332 147 242 3387 2154 1700 
332 62 147 2357 2789 3387 
310 58 308 1018 3249 4133 
58 310 59 1018 1019 1021 
321 120 137 3660 4069 2221 
269 321 137 2141 2221 1320 
199 327 236 3738 3442 3739 
198 327 199 2980 3738 2963 
194 132 309 3795 3891 3997 
309 122 194 3830 3005 3997 
334 303 333 1483 2987 2676 
266 281 257 4042 4043 732 
178 257 281 871 4043 3934 
257 258 335 2449 1829 4004 
257 335 266 4004 1860 732 
316 154 278 1411 2845 1558 
243 147 181 2155 2334 4109 
334 304 303 1480 1481 1483 
130 172 336 4031 1808 1400 
337 297 86 3875 3101 3033 
337 86 140 3033 3013 4001 
338 331 239 1324 1325 1327 
194 187 339 3054 2570 4129 
197 340 284 1120 1121 1123 
341 342 329 937 938 940 
342 294 329 4081 4028 938 
343 264 65 3595 3336 3596 
301 344 323 1093 1094 1096 
236 327 345 3442 3443 1854 
346 347 34 2206 2207 1883 
147 148 348 4112 3667 2335 
349 267 143 4022 4023 1441 
8 350 6 3104 1317 4018 
237 320 322 2728 2729 2730 
317 229 299 2092 2093 2095 
106 299 229 3093 2093 3094 
308 92 351 4048 3684 4049 
350 8 235 3104 3105 3107 
235 177 353 3530 2542 2455 
246 0 220 1802 3787 1950 
163 220 293 3928 4050 4103 
163 246 220 3437 1950 3928 
326 264 254 3676 3677 2266 
256 354 262 2331 2332 2333 
253 159 343 3986 3987 2240 
56 288 138 2982 678 3850 
138 288 263 678 3590 3884 
139 290 92 2471 4152 3500 
231 293 220 1633 4050 3945 
353 319 308 932 4121 2747 
319 310 308 4067 4133 4121 
107 355 312 2157 1504 2158 
252 356 73 3372 3683 4117 
73 356 212 3683 1781 3030 
278 279 357 4078 2955 4014 
315 258 249 3379 2662 3421 
358 75 80 3769 3799 2110 
358 98 75 726 3275 3769 
118 359 119 2784 2785 2787 
359 132 119 3959 1132 2785 
349 170 171 2307 4096 3662 
344 311 355 3777 3704 3955 
354 91 130 3293 2329 3294 
256 91 354 3309 3293 2331 
66 262 336 3960 2749 3282 
340 87 297 3862 3102 4008 
324 302 301 3135 3913 3079 
345 327 325 3443 1456 4126 
157 326 360 4104 3593 2583 
320 318 201 3295 3296 1641 
319 201 318 2703 3296 3668 
332 328 62 1444 2356 2357 
187 330 339 3364 3263 2570 
333 288 56 2981 2982 2983 
265 361 281 2917 1388 3353 
361 362 281 3694 3476 1388 
315 249 316 3421 3422 1561 
289 303 305 3545 943 1623 
284 360 326 3407 3593 3707 
337 140 151 4001 4149 2689 
363 214 215 3972 4128 3864 
214 363 108 3972 3973 3487 
307 362 222 2548 2549 2550 
227 200 158 1486 2468 4033 
279 341 357 2952 2953 2955 
364 287 131 2886 1966 2340 
347 287 364 2885 2886 2887 
365 275 346 1734 1735 1737 
313 153 276 4051 4052 2481 
348 181 147 857 2334 2335 
350 351 92 1193 3684 3685 
158 322 97 1728 1729 1731 
350 235 351 3107 1834 1193 
3 88 84 3555 1129 3207 
88 268 84 1126 1127 1129 
177 202 353 3874 3801 2542 
156 164 293 3963 3964 3066 
156 293 231 3066 1633 839 
216 247 9 2517 4094 4122 
307 9 247 4093 4094 3728 
333 55 334 2675 1606 2676 
56 55 333 2060 2675 2983 
33 256 226 1773 1774 1776 
256 262 226 2333 4142 1774 
263 241 233 3327 3058 4035 
42 241 185 3627 3628 3629 
241 305 185 1624 3819 3628 
159 254 343 2533 4090 3987 
343 254 264 4090 3677 3595 
300 223 361 2931 3942 2915 
265 300 361 2914 2915 2917 
328 259 300 1658 3391 3392 
328 332 259 1444 1657 1658 
323 344 107 1094 3984 631 
107 344 355 3984 3955 2157 
266 335 356 1860 1861 1862 
266 356 252 1862 3372 3645 
80 295 358 2108 1280 2110 
355 358 295 1279 1280 1282 
355 311 358 3704 3705 1279 
98 358 311 726 3705 3610 
359 118 324 2784 2407 3077 
301 359 324 3076 3077 3079 
301 309 359 3820 3149 3076 
359 309 132 3149 3891 3959 
273 325 102 1570 1706 3133 
325 327 102 1456 1705 1706 
324 282 267 2409 1103 3134 
324 267 302 3134 2826 3135 
171 302 349 3880 3881 3662 
349 302 267 3881 2826 4022 
145 13 12 3553 1653 4092 
314 145 12 2413 4092 4139 
336 354 130 3514 3294 1400 
336 262 354 2749 2332 3514 
151 157 337 2870 1784 2689 
366 356 335 1778 1861 2891 
356 366 212 1778 1779 1781 
154 316 166 1411 3524 3525 
316 249 166 3422 1547 3524 
340 297 360 4008 1053 4054 
340 360 284 4054 3407 1121 
284 326 162 3707 2269 3708 
326 254 162 2266 2267 2269 
320 296 318 3448 3449 3295 
310 318 296 3883 3449 3774 
195 330 187 2004 3364 4118 
350 290 6 1314 1315 1317 
350 92 290 3685 4152 1314 
289 305 241 1623 1624 1626 
263 289 241 3589 1626 3327 
336 186 66 1811 3281 3282 
336 172 186 1808 1809 1811 
240 365 79 1290 1291 1293 
36 79 365 1144 1291 2121 
345 84 236 1853 1509 1854 
204 84 345 2433 1853 4039 
363 299 107 3298 2580 3299 
363 215 299 3864 3858 3298 
194 339 193 4129 2972 2310 
339 294 193 2969 2970 2972 
329 294 339 4028 2969 3262 
329 339 330 3262 3263 738 
239 212 366 2276 1779 2738 
338 239 366 1327 2738 2599 
107 312 363 2158 4030 3299 
312 108 363 2010 3973 4030 
247 362 307 3727 2548 3728 
362 247 281 3727 3933 3476 
223 222 362 1423 2549 2906 
223 362 361 2906 3694 3942 
211 198 200 1346 1347 1349 
211 200 227 1349 1486 1930 
155 166 348 3312 3952 3907 
155 348 148 3907 3667 3302 
161 87 340 2945 3862 3051 
197 161 340 1683 3051 1120 
343 16 253 2239 2241 2240 
16 343 65 2239 3596 4007 
111 63 328 762 3044 3882 
62 328 63 2356 3044 3046 
105 81 364 960 961 963 
105 364 131 963 2340 1099 
344 171 311 2387 3776 3777 
301 171 344 4095 2387 1093 
217 204 345 3931 4039 3348 
217 345 325 3348 4126 1765 
145 313 276 2416 2481 1224 
145 314 313 2413 2414 2416 
349 44 170 1440 1228 2307 
143 44 349 1176 1440 1441 
199 237 322 2378 2730 3506 
342 12 294 4080 818 4081 
342 314 12 4110 4139 4080 
292 51 291 4154 4155 2049 
51 292 31 4154 1138 3575 
308 351 353 4049 2454 2747 
353 351 235 2454 1834 2455 
292 290 139 2047 2471 847 
291 290 292 2046 2047 2049 
37 312 295 2011 1619 3552 
312 355 295 1504 1282 1619 
338 357 331 4015 3698 1324 
278 357 338 4014 4015 3975 
366 258 315 3378 3379 3380 
366 335 258 2891 1829 3378 
315 338 366 3594 2599 3380 
315 278 338 1559 3975 3594 
346 287 347 1996 2885 2206 
275 287 346 3472 1996 1735 
305 26 24 942 3286 3287 
26 305 303 942 943 945 
55 57 323 2059 3885 3493 
55 323 107 3493 631 3201 
365 346 36 1737 1882 2121 
36 346 34 1882 1883 1259 
232 246 206 980 981 983 
206 246 163 981 3437 3290 
334 106 230 2436 3382 1660 
334 55 106 1606 2435 2436 
289 333 303 2990 2987 3545 
289 288 333 2136 2981 2990 
317 219 218 2164 2165 2167 
317 280 219 1963 3395 2164 
272 304 230 1489 1661 2457 
304 334 230 1480 1660 1661 
283 286 285 3845 3855 3821 
283 287 286 1965 3470 3845 
259 332 191 1657 1941 2717 
242 191 332 958 1941 1700 
348 182 181 2423 3428 857 
182 348 166 2423 3952 1546 
353 202 319 3801 2705 932 
202 201 319 2702 2703 2705 
244 275 365 2265 1734 2647 
240 244 365 3445 2647 1290 
329 331 341 3948 3700 940 
331 357 341 3698 2953 3700 
313 154 153 3061 3482 4051 
154 313 279 3061 3062 3064 
337 360 297 2584 1053 3875 
337 157 360 1784 2583 2584 
34 347 81 2207 4011 2834 
364 81 347 961 4011 2887 
200 199 322 3505 3506 2466 
200 322 158 2466 1728 2468 
195 239 330 2001 2002 2004 
331 330 239 3947 2002 1325 
59 268 88 4148 1126 2493 
59 296 268 3775 4147 4148 
341 314 342 3538 4110 937 
341 279 314 2952 3537 3538 
285 134 238 636 637 639 
285 286 134 3855 1353 636 
