1136 # number of quadratic nodes on outer solid boundary
551 # number of facets on outer solid boundary
215.485 124.668 22.1888 0
217.127 126.15 21.3258 1
218.015 124.11 21.628 2
236.37 131.462 23.9597 3
235.988 130.619 22.0441 4
235.808 132.687 22.7178 5
236.889 129.836 24.0499 6
236.366 130.954 25.9555 7
220.187 125.96 21.7878 8
214.844 121.168 22.8837 9
216.313 122.645 22.105 10
217.534 120.687 22.389 11
214.063 123.304 23.3294 12
226.952 126.338 22.6447 13
226.475 128.329 23.5325 14
227.518 127.919 20.7998 15
220.558 123.318 22.5225 16
218.613 122.126 22.0562 17
213.605 125.339 23.8869 18
232.344 129.464 18.8222 19
234.724 129.141 20.3013 20
232.951 127.366 19.4364 21
228.645 125.937 20.3918 22
230.155 127.504 19.2023 23
214.711 126.719 22.5059 24
234.436 138.261 24.6256 25
234.89 136.385 22.953 26
234.098 138.165 21.6248 27
234.197 140.546 23.2802 28
234.376 131.73 20.1677 29
232.366 137.461 19.1437 30
233.031 140.09 19.9663 31
227.515 125.303 26.8964 32
228.779 125.954 28.803 33
227.628 127.365 27.519 34
212.805 121.852 24.8056 35
226.766 128.762 26.0974 36
227.861 129.264 28.1593 37
226.803 126.833 25.2868 38
222.125 122.904 24.6132 39
222.183 125.126 23.8371 40
222.757 124.706 26.1489 41
215.377 130.277 30.6712 42
217.755 128.303 31.9106 43
218.403 130.787 31.9189 44
213.288 127.373 24.5191 45
236.409 128.534 22.105 46
233.501 143.142 21.5178 47
229.148 127.993 29.2358 48
229.627 129.955 29.5381 49
233.558 146.818 23.8974 50
233.418 143.026 26.0072 51
231.452 128.756 30.0243 52
222.87 141.655 32.0387 53
224.761 138.838 31.9851 54
226.547 141.304 31.7288 55
222.629 122.933 26.6958 56
222.277 127.644 29.6449 57
220.808 129.022 31.4052 58
220.376 126.933 31.4397 59
216.448 141.189 28.1168 60
219.087 141.628 30.8252 61
217.371 144.283 28.6706 62
227.922 138.592 31.1604 63
226.322 136.159 31.251 64
228.933 136.124 30.4205 65
232.028 145.737 18.8858 66
221.303 154.314 31.2308 67
223.971 151.147 31.8767 68
226.614 154.332 31.6339 69
216.336 132.587 30.7968 70
218.019 154.101 28.5877 71
219.675 151.184 30.2998 72
233.931 129.427 29.375 73
232.141 130.986 29.7678 74
229.061 129.716 19.0237 75
234.778 131.797 28.004 76
220.336 120.637 23.4462 77
221.598 147.805 31.4764 78
218.22 148.63 29.0111 79
232.269 153.99 27.0224 81
230.017 154.179 29.7698 82
231.293 151.286 28.4988 83
235.863 132.735 25.3562 84
228.311 151.277 30.897 85
221.133 138.97 31.9334 86
229.862 131.89 29.7173 87
228.207 130.778 28.7926 88
212.666 126.005 26.2808 89
221.791 125.598 29.9569 90
220.059 124.94 31.5622 91
217.761 138.911 30.2972 92
232.567 133.581 29.2266 93
225.155 144.628 31.9486 94
226.985 124.75 24.4113 95
227.468 134.503 18.083 96
225.314 132.246 19.9269 97
224.809 135.134 18.1848 98
212.672 123.978 25.5823 99
222.901 129.695 29.5245 100
215.584 140.543 24.7364 101
215.508 138.279 27.2442 102
222.225 121.09 25.833 103
227.573 123.213 26.1026 104
227.866 121.207 24.7553 105
228.727 121.682 27.9946 106
218.014 145.775 18.7147 107
221.529 146.739 16.401 108
220.692 143.535 17.0979 109
223.251 136.236 32.0358 110
230.311 138.892 17.8047 111
212.195 122.547 27.6499 112
220.576 144.436 31.31 113
231.597 135.99 29.4728 115
233.58 135.636 27.9397 116
224.777 130.873 23.2387 117
223.256 131.304 21.3242 118
230.185 148.6 29.8137 119
222.935 126.768 25.4572 120
222.196 127.265 23.2921 121
223.077 128.644 24.567 122
214.418 134.144 26.7324 123
215.147 133.685 28.9624 124
215.321 135.665 28.21 125
215.64 124.643 31.8451 126
214.097 123.21 31.3911 127
216.943 123.114 32.3916 128
217.258 129.881 20.5103 129
215.052 130.433 21.9351 130
216.22 132.131 20.8907 131
214.534 132.568 23.0429 132
225.004 133.704 30.7188 133
222.202 133.61 31.8704 134
220.877 131.829 19.9347 135
222.874 133.343 19.3117 136
237.854 123.721 26.843 138
236.449 123.566 28.9473 139
216.228 148.376 21.8865 140
216.174 151.07 24.167 141
216.499 153.408 20.2281 142
213.916 132.632 25.393 143
213.783 130.864 24.087 144
213.419 131.046 26.4035 145
233.293 137.954 27.6927 146
234.616 136.23 25.7934 147
231.047 142.1 17.9867 148
218.974 133.275 31.9082 149
221.455 131.201 31.5559 150
215.545 137.951 22.8236 151
219.371 136.194 31.7376 152
216.747 134.811 30.4381 153
237.278 127.78 24.7256 154
227.64 144.267 16.5404 155
229.406 148.001 16.7871 156
215.953 128.243 21.3659 161
218.679 127.884 20.8942 162
216.128 140.421 21.8841 163
230.717 138.373 29.8374 164
223.826 144.689 16.1922 165
225.429 147.284 15.789 166
225.69 131.993 28.4218 168
227.213 133.891 29.9942 169
225.979 129.938 24.6266 170
216.561 148.635 26.0468 171
217.137 151.197 27.337 172
231.477 131.722 18.4997 173
233.093 133.813 19.3244 174
216.726 136.843 29.7927 175
213.23 129.32 25.3294 176
214.128 132.474 27.6306 177
228.877 121.224 22.1309 178
229.292 122.962 21.0379 179
230.962 121.601 20.4713 180
231.842 123.778 19.8264 181
236.856 126.414 22.1547 182
235.1 127.147 20.4912 183
216.304 153.812 25.0928 184
214.851 132.029 29.3898 185
233.565 125.639 19.7784 186
232.367 148.76 27.2712 187
226.524 148.196 31.6255 188
223.825 131.613 29.9394 189
232.06 146.074 28.1561 191
237.848 125.514 24.9087 192
229.612 133.888 29.9382 193
223.188 130.035 23.2668 194
227.295 140.416 16.9177 195
223.353 128.546 27.103 196
231.092 143.267 29.4486 197
228.427 143.173 31.1413 198
229.616 140.88 30.5184 199
228.714 152.982 15.8143 200
227.065 150.252 15.6113 201
225.237 152.935 15.1176 202
236.337 124.824 21.1923 203
235.383 125.686 20.564 204
213.785 128.915 29.0083 205
215.043 127.895 30.8932 206
217.289 146.779 27.8686 207
228.421 132.155 18.6316 208
233.442 153.642 22.595 210
221.508 122.344 30.5094 212
219.652 122.772 31.9387 213
214.098 128.822 23.1191 215
226.424 130.051 21.3495 216
230.131 150.801 16.9222 217
231.552 153.217 17.8905 218
223.059 149.892 15.6365 220
231.742 135.27 18.6608 222
230.942 133.479 18.3576 223
224.137 130.555 27.5632 224
238.024 123.499 23.7448 225
218.205 126.197 32.0214 226
225.21 130.959 25.9577 227
235.431 134.522 24.2232 228
229.857 136.279 17.9361 229
213.933 130.786 28.5075 230
217.608 136.237 19.9259 231
215.461 134.761 22.0889 232
214.758 135.918 25.2884 233
214.41 134.086 24.496 234
233.846 123.041 30.3372 235
217.401 142.245 19.7013 237
216.251 144.634 22.2271 238
220.542 153.021 15.9905 239
232.216 140.64 28.506 240
223.753 138.261 17.407 241
223.948 141.853 16.6526 242
221.034 128.218 21.7948 243
234.885 134.278 21.4471 244
233.729 135.965 20.3561 245
234.674 124.191 20.1519 246
230.738 126.596 30.0138 247
217.609 139.045 19.7391 248
220.301 137.329 18.3733 249
215.871 143.181 25.3806 250
226.755 130.592 27.211 251
232.861 149.851 19.9271 255
230.868 122.306 29.9307 256
218.811 149.436 17.4167 258
233.847 122.259 20.0031 259
236.61 122.981 21.3034 263
220.501 140.3 17.7471 264
216.477 126.841 31.7626 265
215.007 126.114 31.2033 266
216.615 125.668 31.9423 267
217.873 124.562 32.1639 268
213.288 129.638 27.2871 269
233.817 140.125 26.1522 273
222.415 135.703 18.2753 274
219.924 129.692 20.5025 275
227.204 137.201 17.3892 276
235.24 127.659 28.9352 277
235.826 129.578 27.7508 278
228.715 123.822 28.4209 279
213.355 126.7 29.1543 280
213.686 124.79 30.4326 281
237.369 124.695 22.5833 283
236.37 126.11 28.264 284
234.666 125.463 29.7366 285
237.3 125.16 27.2578 286
227.782 132.116 29.0348 287
234.734 134.187 26.8886 288
227.677 122.863 23.2635 289
222.364 128.851 22.9389 290
221.938 129.948 21.6562 291
229.116 145.696 30.734 292
229.705 134.341 18.1033 293
232.252 124.896 30.3244 294
236.827 129.241 26.0468 295
218.802 146.39 29.8556 296
222.374 121.782 28.599 297
236.634 127.87 27.1655 298
216.249 145.994 25.4145 299
221.553 123.636 30.3143 300
222.538 124.176 28.3167 301
223.877 130.101 25.297 302
233.167 150.771 25.0755 303
227.927 124.428 21.8209 304
212.799 122.971 29.7401 305
212.534 124.556 28.2213 306
215.985 142.225 22.7412 307
229.654 124.46 20.2878 308
212.96 128.043 26.9449 309
233.124 127.178 30.0345 310
218.464 131.374 19.9732 311
231.14 125.712 19.5305 312
222.814 126.238 27.8179 313
220.324 134.593 18.957 314
217.991 133.488 19.8071 315
230.133 124.688 29.7473 316
237.229 126.575 26.5813 318
215.447 129.337 21.6139 691
216.041 130.16 21.0942 692
216.606 129.043 20.9208 694
231.393 148.701 28.6457 697
231.854 150.053 27.8893 698
230.763 149.962 29.1844 700
226.241 131.357 27.6449 751
227.269 131.248 28.1674 752
226.649 132.152 28.6769 754
222.328 142.655 16.7577 763
222.224 141.028 17.0751 764
220.578 141.901 17.4201 766
235.626 128.865 21.1132 775
235.84 127.863 21.2004 776
234.896 128.137 20.3965 778
221.084 145.159 16.7459 782
218.277 132.428 19.8412 786
219.449 132.625 19.5884 787
219.698 131.679 19.8416 789
223.061 136.991 17.8076 798
221.382 136.524 18.2286 799
222.036 137.768 17.8041 801
233.252 126.501 19.6255 823
233.397 152.17 23.8625 835
233.148 153.88 24.9337 836
232.735 152.376 26.0748 839
232.658 135.87 28.7762 841
235.337 122.575 20.4295 846
234.292 123.247 20.0519 847
235.659 123.562 20.5852 849
222.986 128.102 28.4279 867
223.211 129.081 28.3514 868
222.578 128.702 29.5457 870
213.489 130.981 25.1963 874
229.674 123.026 29.2601 878
216.038 141.333 22.3196 885
237.541 126.678 24.7864 890
237.287 127.246 25.7122 891
237.61 126.053 25.825 893
236.907 124.751 21.8721 920
218.383 147.583 18.0773 925
220.164 148.054 16.7758 926
219.66 146.204 17.3036 928
224.073 147.974 31.8924 932
213.435 126.339 24.1895 966
213.896 127.042 23.4373 967
214.128 126.017 23.1775 969
214.727 131.52 22.439 981
215.237 132.377 21.8749 982
215.607 131.282 21.3977 984
214.9 128.536 22.158 993
214.547 129.617 22.5074 994
216.451 138.633 28.9297 999
234.604 128.543 29.1783 1004
235.57 128.619 28.3749 1005
234.961 129.544 28.6487 1007
225.646 134.923 31.0663 1017
222.996 126.476 26.6278 1031
222.844 125.486 26.977 1032
222.844 125.749 25.8249 1034
233.911 128.24 19.7642 1044
217.753 134.889 19.8395 1054
216.5 134.172 20.7041 1055
216.457 135.505 20.9231 1057
224.859 131.288 21.557 1060
225.917 131.185 20.7313 1061
225.513 130.577 22.441 1063
236.134 132.093 23.3658 1097
236.002 132.771 24.0481 1098
236.156 132.14 24.628 1100
217.256 148.636 27.6004 1111
229.331 138.443 30.5466 1117
229.668 132.8 18.2856 1139
229.11 133.212 18.2547 1140
230.296 133.901 18.2171 1142
216.913 145.201 20.3935 1149
217.387 125.955 32.027 1153
217.212 125.088 32.1075 1154
218.066 125.364 32.0808 1156
228.063 124.547 27.6812 1192
229.983 144.996 17.284 1204
235.231 126.418 20.53 1215
234.486 125.696 20.1046 1216
234.361 126.398 20.0476 1218
215.744 141.368 23.7201 1221
215.715 140.508 23.2923 1222
237.026 128.159 23.3567 1234
237.245 127.151 23.4002 1235
236.632 127.487 22.1506 1237
218.836 141.25 18.4847 1258
222.685 145.726 16.2161 1275
227.608 126.069 21.3991 1282
228.216 125.161 21.0774 1283
227.373 125.348 22.1865 1285
212.552 125.295 27.2562 1330
228.033 126.93 20.5362 1354
228.68 127.671 19.7726 1355
229.346 126.705 19.7285 1357
227.269 124.531 23.0329 1360
226.884 125.536 23.5156 1362
217.27 131.732 20.2823 1364
217.053 132.85 20.3205 1365
227.782 123.642 22.5111 1398
228.559 123.653 21.3946 1399
228.353 122.854 22.0208 1401
224.158 131.089 22.2717 1404
224.278 131.779 20.848 1405
217.665 149.905 28.1905 1409
218.144 142.991 29.8511 1431
219.64 151.231 16.6734 1437
230.496 123.495 29.8328 1448
229.342 124.216 29.1442 1449
232.824 123.048 19.8752 1451
233.27 124.013 19.8178 1453
219.171 130.485 20.1345 1456
218.594 129.741 20.3024 1457
217.879 130.624 20.2173 1458
214.536 130.553 29.6367 1462
225.422 131.345 27.1672 1487
224.891 131.344 27.8397 1488
224.696 130.916 26.6862 1490
236.033 126.798 21.2286 1493
214.434 132.281 28.5487 1496
214.007 131.661 28.0785 1497
214.363 131.427 28.9984 1499
233.188 134.606 28.595 1502
233.826 133.946 28.2046 1503
234.152 134.891 27.443 1505
226.681 127.403 23.1031 1532
215.808 140.902 26.4541 1537
215.463 139.414 25.9481 1538
216.008 139.724 27.6857 1540
228.294 127.663 28.4186 1549
228.469 128.656 28.6844 1550
227.733 128.335 27.817 1552
233.929 137.073 20.9629 1561
234.453 137.29 22.2953 1562
234.426 136.206 21.5657 1564
212.683 124.967 25.9121 1571
212.435 124.261 26.8728 1572
236.752 128.511 26.6014 1584
234.94 135.354 22.1705 1593
234.305 135.148 20.8851 1595
216.054 145.341 23.8147 1605
235.588 125.802 29.0841 1628
235.813 126.881 28.6004 1633
236.515 127.008 27.7394 1634
236.025 127.792 28.1158 1636
224.737 141.471 32.0251 1657
229.738 130.923 29.6155 1667
230.855 130.475 29.845 1668
230.986 131.467 29.8261 1670
220.538 133.174 19.3692 1696
226.759 127.843 25.691 1707
214.295 130.669 22.9491 1715
213.871 129.838 23.5692 1716
234.249 127.442 29.6053 1727
228.013 123.517 27.3576 1728
228.076 122.427 27.0769 1729
228.739 122.787 28.2534 1731
236.26 128.705 27.4968 1757
227.531 124.262 26.5334 1774
215.974 136.255 29.0463 1776
216.03 137.631 28.6421 1777
215.412 136.955 27.7441 1779
226.352 129.233 22.5059 1793
222.737 124.436 27.2312 1799
215.853 139.182 22.3309 1803
233.505 125.206 30.1656 1820
233.91 126.32 29.9185 1821
232.706 126.051 30.226 1823
224.079 130.283 26.3979 1847
218.913 135.431 19.229 1858
219.194 134.021 19.3279 1859
236.856 125.653 27.7778 1870
213.866 124.04 30.8951 1878
214.852 123.963 31.6923 1879
214.587 124.765 31.2598 1881
216.431 138.456 21.1537 1885
226.773 128.097 22.1598 1895
226.966 129.09 21.1264 1897
230.641 134.94 29.8994 1903
231.064 133.733 29.7619 1904
232.042 134.78 29.3353 1906
232.421 134.571 18.9877 1909
216.672 152.498 26.2423 1956
216.232 152.427 24.5823 1957
216.535 151.135 25.7746 1959
226.258 130.196 25.9803 1980
225.965 130.896 26.4633 1981
225.613 130.644 25.2805 1983
217.72 147.712 28.4205 1990
223.035 132.172 20.2333 2009
224.144 132.813 19.6658 2011
221.462 127.269 30.6067 2014
221.2 126.234 30.7349 2015
222.005 126.616 29.7826 2017
233.511 130.644 19.3498 2028
234.574 130.423 20.2154 2029
233.655 129.289 19.5269 2031
228.659 130.955 18.8956 2034
229.874 131.965 18.3918 2035
230.246 130.669 18.5497 2037
213.624 131.894 25.8816 2045
213.744 131.815 27.0468 2046
213.931 132.6 26.5297 2048
224.141 151.402 15.3232 2054
226.141 151.587 15.3402 2055
225.041 150.058 15.4729 2057
222.619 134.486 18.7119 2066
216.026 144.621 25.4061 2081
235.218 134.415 25.6127 2090
235.35 133.491 26.1627 2091
235.665 133.639 24.7982 2093
212.745 126.417 27.8321 2096
230.235 136.048 30.0488 2100
229.265 135.028 30.1502 2102
213.52 129.096 24.1541 2121
216.524 142.276 21.1793 2124
232.843 135.629 19.396 2129
233.439 134.925 19.8099 2131
231.789 152.606 27.7746 2146
232.388 151.051 26.8983 2148
235.545 124.515 29.3965 2159
236.388 124.85 28.6058 2160
218.322 123.145 21.7649 2167
214.367 127.763 22.7896 2177
233.627 131.435 29.073 2190
214.754 123.988 22.7358 2207
215.898 123.669 22.1365 2208
215.116 122.97 22.5976 2210
220.696 123.221 31.238 2218
220.668 122.598 31.3452 2219
221.521 123.008 30.4063 2221
214.571 135.012 24.8401 2227
232.382 125.655 19.5499 2235
232.06 126.53 19.381 2236
213.663 128.09 23.7885 2243
213.177 128.353 24.9206 2244
236.182 126.092 21.2542 2254
231.78 129.869 29.9053 2267
232.752 129.105 29.8795 2268
233.093 130.231 29.5823 2270
214.881 135.382 23.6377 2274
212.999 124.7 29.3948 2280
231.584 123.583 30.239 2282
231.165 124.775 30.1671 2283
227.275 139.954 31.503 2285
225.644 140.083 31.8877 2286
226.373 138.678 31.6591 2288
236.381 129.442 26.9426 2291
218.819 144.386 30.1801 2298
215.739 126.46 31.5315 2313
218.931 136.75 19.0457 2345
229.063 122.112 21.557 2350
221.324 121.726 23.9582 2355
234.658 137.356 23.8044 2360
234.522 137.255 25.229 2361
234.926 136.372 24.4437 2363
225.449 137.718 17.3592 2366
225.938 136.171 17.7082 2367
224.294 136.709 17.7233 2369
220.888 149.623 16.2633 2371
221.81 151.419 15.7068 2372
228.055 125.609 27.9062 2383
228.718 124.884 28.6103 2385
235.229 135.457 23.6041 2388
235.08 135.401 25.0449 2389
225.867 142.96 31.8758 2391
223.99 143.15 32.04 2392
233.082 136.719 19.7447 2395
233.391 137.827 20.2769 2396
222.857 144.548 31.9219 2399
223.394 146.223 31.9084 2400
221.122 146.114 31.3706 2402
228.94 131.303 29.3445 2404
216.551 126.245 31.8502 2411
237.731 125.172 23.6634 2415
237.138 125.56 22.4171 2416
237.515 126.01 23.4761 2417
214.685 133.941 27.8986 2427
215.239 134.671 28.6017 2428
214.826 134.932 27.4642 2430
223.447 146.996 15.9144 2433
224.604 145.985 15.9281 2434
222.02 129.347 30.532 2445
224.074 130.966 28.7168 2451
220.448 152.717 30.7935 2453
219.461 154.255 30.0742 2454
218.78 152.635 29.4889 2457
212.696 122.952 25.2058 2458
228.042 134.99 30.3376 2467
213.6 130.949 27.5105 2490
234.096 134.065 20.2872 2493
213.581 127.816 29.0836 2500
222.356 130.323 30.6315 2507
223.582 130.007 24.299 2512
214.307 128.424 29.9794 2520
227.119 127.087 26.4476 2524
227.119 126.075 26.1089 2525
227.533 126.348 27.2231 2527
235.463 132.317 26.759 2530
235.64 131.455 27.0264 2531
236.075 131.864 25.6805 2533
216.292 146.473 22.0602 2585
216.923 147.081 20.175 2586
225.104 133.609 18.9052 2598
215.016 132.863 29.1809 2602
214.605 133.105 28.3073 2603
228.8 139.654 17.206 2607
230.102 122.293 20.7037 2618
223.222 127.688 26.2508 2627
223.007 127.754 25.0077 2628
223.328 128.581 25.798 2630
219.84 123.87 31.7141 2659
218.972 124.764 31.969 2660
218.733 123.675 32.124 2661
217.949 135.555 31.2093 2671
214.416 125.003 22.9179 2688
215.07 125.686 22.3046 2690
224.409 132.623 30.3229 2698
234.191 135.969 26.9082 2702
226.246 148.762 15.709 2703
224.237 148.588 15.6787 2704
230.227 128.377 29.8171 2733
234.689 135.213 26.3274 2737
216.07 148.511 24.0233 2744
216.077 147.191 23.6957 2745
216.417 147.316 25.7099 2747
217.168 148.866 19.4368 2760
237.897 124.605 25.8953 2761
231.235 132.781 29.766 2765
226.202 129.243 24.0655 2768
234.289 124.276 30.0596 2794
216.349 150.851 21.0285 2797
216.082 149.705 23.0856 2798
216.05 152.27 22.2588 2800
219.33 128.762 20.7048 2803
220.529 128.895 21.1648 2804
219.963 128.009 21.2201 2805
234.436 138.256 23.1222 2808
219.268 144.654 17.7361 2816
215.818 126.399 21.7474 2822
216.27 125.4 21.7183 2823
223.658 129.678 27.3058 2824
223.604 129.428 26.1095 2826
233.151 147.754 25.7019 2829
232.248 147.424 27.6838 2830
233.091 146.488 26.1456 2832
222.677 127.018 24.3564 2834
222.696 127.993 23.9533 2835
232.318 127.979 30.0793 2854
233.542 128.309 29.7604 2855
236.191 129.574 22.0408 2857
236.506 130.267 22.9777 2858
236.742 129.15 23.0358 2860
229.726 132.9 29.8003 2865
213.266 128.502 28.0453 2869
213.042 127.367 28.0746 2870
226.342 129.447 25.371 2886
233.615 141.592 26.0961 2893
232.944 141.892 27.3777 2894
233.101 140.434 27.4082 2896
237.106 128.459 25.4327 2910
237.103 128.749 24.3435 2911
236.957 129.577 25.0758 2913
217.287 128.016 20.906 2916
232.517 137.026 28.6963 2938
232.068 138.181 28.9057 2939
231.147 137.2 29.6323 2940
216.808 130.566 31.5317 2942
217.251 131.703 31.5545 2943
215.889 131.435 30.7626 2945
233.858 141.861 24.6146 2949
236.437 131.23 24.9394 2953
219.945 131.012 31.9138 2963
219.628 129.872 31.8712 2964
221.143 130.099 31.4326 2966
236.947 124.359 28.1327 2980
231.516 124.755 19.6937 2981
230.719 124.039 20.0078 2982
230.356 125.095 19.8218 2984
235.313 130.706 27.8971 2986
236.134 130.289 26.9137 2987
214.998 126.979 31.0251 2993
215.774 127.41 31.4178 2994
212.735 127.052 26.6343 3009
213.568 130.221 27.9087 3011
213.464 129.263 28.1759 3012
213.85 129.839 28.7879 3014
216.317 128.163 31.5774 3020
217.05 127.595 31.8367 3023
217.962 146.599 28.9061 3035
232.592 142.636 19.5553 3044
233.32 141.645 20.6904 3048
232.126 141.103 18.9401 3049
228.234 149.104 16.1703 3050
227.458 147.609 16.1065 3052
212.366 123.553 27.9301 3061
212.346 123.285 26.6142 3062
215.051 137.123 26.2261 3064
214.879 135.828 26.7833 3065
228.609 132.929 29.6437 3073
228.708 132.033 29.3987 3074
215.3 125.384 31.5259 3076
216.164 125.152 31.9121 3077
215.794 125.916 31.6458 3079
222.566 122.31 27.6078 3107
222.489 122.013 26.3042 3108
222.488 121.364 27.2313 3109
223.337 130.67 29.6446 3111
223.616 130.171 28.4981 3112
219.33 123.709 21.7901 3113
219.097 125.04 21.5686 3114
220.413 124.672 22.0491 3115
234.775 133.008 27.4507 3127
226.87 134.998 30.6269 3133
232.902 144.452 20.183 3138
231.554 143.935 18.3884 3140
218.415 140.265 30.5778 3142
217.614 141.457 29.6326 3143
216.999 140.067 29.3042 3145
222.193 126.227 23.534 3147
221.359 125.569 22.6076 3148
221.333 126.584 22.4427 3150
213.757 131.797 24.7149 3152
213.333 123.09 30.5667 3166
222.714 134.95 31.9815 3178
222.788 149.458 31.742 3182
225.269 149.656 31.8178 3183
220.48 130.778 20.2719 3185
215.121 138.178 25.022 3187
215.446 139.255 23.8279 3188
222.397 125.907 28.9366 3191
224.349 130.678 24.3696 3194
224.948 130.803 24.6476 3195
224.532 130.712 25.5967 3197
223.845 140.048 17.0209 3200
225.619 141.114 16.7196 3201
225.486 139.311 17.0457 3202
225.607 137.511 31.7245 3220
223.998 137.569 32.0285 3221
224.852 136.142 31.7051 3223
221.326 136.21 32.1061 3231
215.739 141.836 25.073 3237
216.027 142.19 26.7734 3238
224.256 134.935 31.5947 3242
221.529 130.783 20.703 3256
222.196 131.488 20.5701 3257
222.584 130.689 21.5766 3259
217.22 137.877 30.0273 3262
217.895 136.572 30.926 3263
218.489 137.596 31.113 3265
222.145 123.899 29.3522 3267
231.08 127.68 30.0796 3270
229.898 127.305 29.6976 3271
214.563 135.05 26.0467 3278
226.1 134.752 18.1628 3286
225.541 132.729 29.5437 3301
226.367 132.813 29.2971 3302
226.123 133.749 30.1877 3304
230.725 145.903 29.622 3306
233.833 141.87 22.4354 3311
233.783 143.121 23.7927 3312
225.355 130.564 23.9995 3324
222.655 129.964 22.4755 3326
222.771 129.534 23.1136 3327
222.182 129.416 22.3348 3328
216.898 121.648 22.1618 3337
215.598 121.91 22.4759 3338
216.173 120.855 22.4384 3339
214.429 122.258 23.0849 3344
221.076 129.802 21.0271 3348
228.186 128.778 19.8242 3352
229.573 128.598 19.0729 3353
233.598 139.112 20.8011 3356
233.801 140.346 21.5604 3357
234.189 139.334 22.4392 3358
227.916 133.332 18.3803 3360
228.571 134.459 18.0316 3361
213.184 123.899 30.0852 3364
216.908 142.748 28.4078 3377
216.405 143.799 27.1263 3378
237.564 124.47 27.1077 3382
237.24 123.667 28.0159 3383
229.496 123.69 20.6342 3385
227.224 130.902 19.7505 3390
222.264 144.079 16.5335 3397
226.471 128.509 24.8549 3398
214.481 129.623 29.8628 3408
232.068 133.655 18.733 3409
231.355 134.4 18.4757 3410
216.655 143.463 20.914 3421
220.263 137.594 31.843 3431
219.331 138.982 31.3514 3432
221.037 125.268 30.8294 3443
229.825 143.208 30.4124 3455
229.044 142.012 30.8574 3456
230.384 142.069 30.0542 3458
236.597 125.647 21.6253 3475
235.87 125.275 20.8453 3476
215.763 133.491 21.3807 3478
214.985 133.672 22.5669 3479
233.729 132.719 28.6506 3484
232.357 132.31 29.5477 3485
217.596 137.64 19.8609 3486
218.894 138.176 18.8773 3487
219.735 148.226 30.4436 3489
218.087 129.523 31.9107 3502
213.391 122.597 24.0045 3505
213.685 121.464 23.7057 3506
222.64 125.968 24.6725 3507
215.539 132.353 30.0927 3514
215.037 131.17 30.0154 3516
226.717 129.771 26.6053 3525
213.121 128.851 27.1431 3527
213.19 129.492 26.3086 3528
213.063 128.672 26.1089 3530
234.159 140.378 24.7584 3531
233.527 144.91 24.9553 3532
233.607 144.993 22.6706 3533
219.103 127.632 31.8747 3543
230.86 151.986 17.3386 3548
229.454 151.882 16.3502 3549
230.226 153.105 16.7154 3552
235.66 133.64 23.4662 3554
232.817 144.531 27.1287 3569
232.495 143.143 27.8987 3575
215.893 134.277 29.7197 3586
228.855 130.365 29.1583 3597
225.819 146.416 31.8172 3600
230.983 140.742 29.6221 3610
228.13 141.067 31.2577 3612
227.493 142.226 31.481 3614
215.824 142.718 24.0264 3621
216.364 137.129 21.1857 3626
219.129 125.55 31.899 3630
221.506 124.205 23.0912 3635
212.656 123.769 29.0236 3641
212.393 122.739 28.7739 3642
218.537 147.526 29.4612 3644
223.82 134.211 18.7351 3645
216.277 123.895 32.2 3650
215.507 123.158 32.252 3652
232.75 124.689 19.7026 3655
234.072 124.918 19.952 3656
225.999 129.854 23.0211 3659
234.062 127.272 19.8896 3661
228.563 146.113 16.613 3662
230.767 146.852 17.6652 3663
228.758 138.031 17.3654 3671
227.243 138.817 17.1221 3672
215.989 153.628 22.6776 3676
221.928 132.574 19.7308 3683
217.525 140.633 19.6902 3686
218.992 139.662 18.6041 3687
217.956 128.807 20.5986 3693
213.03 125.664 25.0038 3694
212.95 126.689 25.3562 3695
227.324 123.795 23.8495 3701
231.677 141.953 28.9536 3702
214.316 125.473 30.8674 3709
218.241 151.202 28.9419 3712
218.894 149.894 29.6975 3713
217.554 152.639 27.9686 3715
216.979 154 26.9156 3716
223.617 135.411 18.2161 3725
222.27 128.117 23.1162 3727
222.776 128.735 23.7309 3728
216.679 131.011 20.634 3729
222.617 126.933 28.7516 3730
235.25 123.309 29.8384 3731
231.946 126.892 30.1838 3738
228.639 129.601 28.9197 3742
229.367 128.987 29.4115 3744
226.842 143.929 31.663 3753
221.681 128.301 30.5811 3768
227.496 152.76 31.2797 3784
227.734 122.041 23.9902 3787
228.231 122.03 22.6472 3788
228.228 121.104 23.3477 3789
222.879 152.98 15.2751 3794
216.641 145.167 27.0906 3796
218.689 125.996 21.3346 3801
226.554 145.759 16.1157 3803
225.735 144.41 16.234 3804
223.719 133.601 31.3533 3816
223.22 132.465 31.1183 3817
212.274 122.201 26.2336 3818
221.731 143.06 31.8147 3821
219.816 143.037 31.0831 3826
213.334 130.318 26.8644 3829
220.871 124.295 30.9941 3833
234.689 133.001 20.7716 3837
216.706 141.355 20.8009 3841
216.667 146.373 26.7086 3843
216.916 147.722 27.0028 3844
230.182 139.627 30.161 3848
233.398 148.81 24.476 3854
232.814 149.792 26.226 3855
221.654 133.945 19.0242 3869
221.408 135.116 18.6181 3870
237.09 123.826 21.9548 3874
237.476 123.218 22.4386 3875
237.723 124.106 23.1026 3876
227.94 131.462 28.8218 3877
225.299 152.733 31.8516 3883
223.933 154.411 31.9158 3884
222.597 152.723 31.7043 3887
215.665 133.176 29.9034 3892
213.476 130.084 24.6861 3895
213.297 130.163 25.8495 3896
232.716 139.282 28.1169 3901
233.601 139.008 26.9077 3902
229.176 125.19 20.3087 3909
229.86 125.763 19.8036 3910
218.107 145.315 29.3179 3920
216.12 143.426 22.4751 3923
212.905 125.67 28.6907 3925
213.518 125.767 29.8192 3926
214.115 127.293 30.0805 3932
214.054 126.467 30.2873 3933
217.323 126.509 31.9721 3936
223.839 140.254 32.087 3940
235.449 129.887 21.0805 3951
230.159 144.493 30.1452 3952
228.753 144.436 30.979 3953
228.154 126.666 28.1854 3957
234.962 126.564 29.3502 3959
222.978 138.898 32.1149 3961
222.193 137.636 32.119 3962
226.237 133.303 18.8075 3965
226.728 132.176 19.2732 3967
216.313 149.829 25.0948 3968
227.283 130.042 27.6415 3979
228.052 130.029 28.489 3980
227.361 130.771 28.0316 3982
215.935 143.947 23.7845 3985
226.569 127.61 24.42 3991
226.708 126.592 24.0025 3992
236.479 123.916 21.2376 4005
217.924 127.018 21.0637 4006
216.53 127.173 21.2897 4007
229.362 143.217 17.1002 4008
219.616 122.704 22.1868 4016
220.443 121.97 23.0564 4017
219.473 121.305 22.7171 4018
231.164 147.346 29.056 4030
229.669 147.16 30.3065 4031
231.606 144.667 28.8356 4042
228.777 139.747 30.9043 4047
232.729 138.761 19.5096 4048
231.375 138.173 18.4456 4049
231.813 139.481 18.6817 4050
223.925 130.67 23.3179 4052
235.914 131.649 22.3282 4053
236.29 131.051 22.9693 4055
236.632 130.693 23.9894 4057
236.708 130.434 25.0168 4058
237.967 124.504 24.338 4062
238.171 123.586 25.33 4063
237.093 127.84 26.0018 4065
227.153 127.14 21.7174 4072
228.94 126.971 29.0237 4073
220.092 147.166 30.7405 4074
227.626 136.085 30.7802 4075
215.519 136.358 22.4496 4079
234.379 130.654 28.7713 4080
229.839 137.261 30.2477 4088
227.2 128.983 27.1651 4091
214.146 133.4 26.0685 4134
216.479 129.297 31.5429 4137
215.214 129.072 30.8122 4138
228.664 150.504 16.1408 4140
227.189 145.148 31.5453 4143
217.473 151.412 18.6325 4145
216.554 133.717 30.6169 4178
216.739 135.828 30.1153 4189
232.394 132.774 18.809 4190
233.765 132.765 19.7002 4191
233.119 131.742 19.096 4192
233.276 151.747 21.2745 4197
233.438 150.305 22.5213 4199
222.234 124.908 29.1731 4204
220.217 125.915 31.4676 4207
217.725 134.107 31.3513 4210
217.427 122.36 21.9303 4212
217.124 123.387 21.8162 4213
230.51 123.321 20.2558 4218
231.375 122.707 20.1166 4219
215.301 127.462 21.9166 4223
234.017 137.126 26.7271 4224
229.807 149.404 16.8794 4230
212.964 127.742 25.6944 4244
228.329 133.882 29.9347 4245
229.937 151.291 29.8465 4246
217.691 144.009 19.2109 4249
219.274 126.594 31.8474 4253
219.303 128.65 31.8594 4257
228.696 124.393 20.9368 4260
237.281 125.868 26.9178 4267
237.677 125.368 26.1553 4268
213.793 124.333 23.5876 4271
219.602 145.398 30.6161 4273
230.742 134.823 18.2707 4276
229.269 149.945 30.3798 4278
230.677 140.471 17.851 4286
220.586 149.494 30.9455 4287
215.072 136.977 24.0896 4288
227.451 123.008 24.7186 4290
227.28 123.958 25.2713 4291
214.317 134.128 25.6156 4294
214.164 133.353 24.9427 4295
235.243 131.197 21.0753 4302
213.192 123.676 24.3449 4309
214.815 134.517 23.3013 4317
227.901 151.601 15.6515 4322
226.988 152.979 15.3107 4323
235.351 133.483 22.0764 4331
235.341 134.444 22.803 4332
222.667 123.577 27.5002 4334
222.699 123.837 26.4253 4335
231.515 139.505 29.249 4337
230.662 129.583 18.6602 4341
231.231 128.414 18.8167 4343
231.354 148.935 18.0228 4346
233.423 136.796 27.8263 4351
228.459 148.406 30.9154 4352
221.66 124.639 30.1359 4357
221.442 123.047 23.5248 4359
227.505 132.997 29.4519 4360
217.575 132.979 31.5023 4365
229.175 141.242 17.1714 4369
220.599 133.463 32.0575 4376
220.213 132.229 31.9919 4377
221.846 132.39 31.7045 4379
232.683 128.338 19.1484 4383
222.282 148.316 15.9891 4388
232.054 136.365 18.8769 4395
230.666 152.706 29.1457 4398
231.252 154.109 28.4913 4399
231.182 132.631 18.4131 4401
223.217 130.633 22.3386 4403
222.492 122.998 28.4929 4405
228.465 154.276 30.8583 4416
229.204 152.71 30.3639 4417
235.553 124.492 20.5726 4418
235.049 124.939 20.3338 4419
230.816 135.793 18.2652 4423
231.174 136.872 18.3836 4424
220.265 135.972 18.649 4429
222.809 131.362 30.8091 4432
216.723 139.707 20.725 4434
222.589 124.897 25.0128 4442
222.544 123.823 25.3814 4443
222.173 124.015 24.2441 4444
222.15 139.253 17.4658 4445
230.515 129.38 29.8463 4448
234.061 138.127 26.2167 4452
218.04 127.237 31.9741 4454
223.469 129.49 24.9326 4457
219.008 120.527 22.7632 4462
218.103 121.381 22.247 4463
216.834 149.903 26.6958 4478
227.431 149.747 31.3124 4479
229.693 121.982 29.1285 4481
220.927 141.652 31.6952 4486
227.493 129.925 20.0369 4487
213.102 124.663 24.6963 4497
224.835 131.879 29.0188 4498
214.404 133.345 23.7718 4500
214.107 132.629 24.2 4501
218.706 132.028 31.9268 4504
234.201 139.157 25.4217 4506
231.901 130.62 18.655 4507
222.052 122.091 29.5643 4516
216.763 124.621 32.136 4517
219.427 126.912 21.3102 4519
227.156 125.031 25.7222 4521
226.862 125.829 24.8832 4523
222.647 125.224 28.0735 4532
222.082 122.737 29.4983 4540
221.644 127.751 22.4797 4542
221.766 128.522 22.3488 4543
219.177 134.746 31.8419 4547
229.651 126.272 29.5378 4557
227.367 135.843 17.7211 4560
218.323 122.934 32.3238 4561
221.49 129.118 21.781 4564
227.857 146.96 31.2501 4566
233.393 148.335 21.907 4568
223.118 129.428 23.9318 4569
232.377 121.857 20.0475 4570
236.608 130.101 26.0115 4577
233.288 146.301 21.2667 4582
229.392 125.337 29.336 4587
228.476 137.356 30.7679 4590
215.944 135.263 29.3879 4592
226.223 151.196 31.6529 4593
232.453 147.782 19.4156 4594
218.109 153.266 17.6872 4595
235.215 132.228 21.3395 4602
229.849 121.328 21.1732 4603
220.786 134.964 32.092 4604
231.611 127.368 19.1484 4606
218.939 142.831 18.2081 4610
220.398 138.806 18.062 4611
223.906 143.267 16.4226 4612
228.652 135.396 17.862 4614
229.757 135.32 18.0098 4615
227.107 137.392 31.2662 4620
236.88 126.364 27.4717 4624
227.158 128.1 26.8149 4628
214.148 131.727 23.5613 4629
231.621 150.253 18.2049 4631
232.241 151.55 18.8792 4633
232.879 153.521 20.0767 4636
217.451 123.87 32.271 4646
217.323 145.551 28.2217 4651
214.275 133.311 27.1874 4668
220.582 127.98 31.4079 4669
223.088 127.425 27.4784 4672
233.022 123.968 30.3614 4674
222.17 121.984 25.1615 4683
221.454 120.78 24.4485 4684
230.404 125.654 29.9107 4690
220.07 140.319 31.523 4692
221.998 140.322 31.9963 4694
222.492 122.938 25.6432 4698
232.329 122.627 30.3848 4710
221.681 151.17 31.4497 4717
216.703 124.352 21.7715 4720
234.341 139.363 23.9518 4721
228.539 136.708 17.598 4729
227.634 122.212 25.4608 4744
228.077 121.334 26.4775 4745
217.596 125.131 21.4835 4747
230.691 126.579 19.3733 4754
225.78 143.048 16.4465 4755
227.459 142.343 16.7087 4756
230.086 137.561 17.8691 4765
236.945 127.244 26.843 4768
231.507 125.76 30.2148 4799
220.635 127.143 21.8137 4805
2 0 1 4720 2823 4747 
4 5 3 4053 1097 4055 
4 3 6 4055 4057 2858 
6 3 7 4057 2953 4058 
2 1 8 4747 3801 3114 
10 11 9 3337 3339 3338 
10 9 12 3338 3344 2210 
14 15 13 1895 4072 1532 
16 17 2 4016 2167 3113 
12 18 0 4271 2688 2207 
21 19 20 4383 2031 1044 
22 13 15 1282 4072 1354 
22 15 23 1354 1355 1357 
24 1 0 2822 2823 2690 
0 18 24 2688 969 2690 
27 25 26 2808 2360 1562 
25 27 28 2808 3358 4721 
16 2 8 3113 3114 3115 
12 0 10 2207 2208 2210 
0 2 10 4720 4213 2208 
4 20 29 3951 2029 4302 
19 29 20 2028 2029 2031 
31 27 30 3356 2396 4048 
27 31 28 3356 3357 3358 
34 32 33 2527 2383 3957 
35 12 9 3505 3344 3506 
37 36 34 4091 4628 1552 
34 38 32 2524 2525 2527 
40 41 39 4442 4443 4444 
38 14 13 3991 1532 3992 
43 44 42 3502 2942 4137 
18 45 24 966 967 969 
46 4 6 2857 2858 2860 
46 20 4 775 3951 2857 
36 38 34 1707 2524 4628 
36 14 38 3398 3991 1707 
28 31 47 3357 3048 3311 
34 48 37 1549 1550 1552 
49 37 48 3742 1550 3744 
33 48 34 4073 1549 3957 
50 51 47 3532 3312 3533 
28 47 51 3311 3312 2949 
52 49 48 4448 3744 2733 
53 54 55 3940 2286 1657 
39 41 56 4443 4335 4698 
59 57 58 2014 3768 4669 
60 61 62 3143 1431 3377 
63 64 65 4620 4075 4590 
50 47 66 3533 3138 4582 
68 69 67 3883 3884 3887 
42 44 70 2942 2943 2945 
72 67 71 2453 2454 2457 
74 52 73 2267 2268 2270 
23 75 19 3353 4341 4343 
21 23 19 4606 4343 4383 
74 73 76 2270 4080 2190 
39 77 16 2355 4017 4359 
78 72 79 4287 3713 3489 
83 81 82 2146 4399 4398 
84 7 3 2533 2953 1100 
84 76 7 2530 2531 2533 
77 11 17 4462 4463 4018 
17 16 77 4016 4017 4018 
69 85 82 3784 4417 4416 
53 86 54 4694 3961 3940 
87 88 49 2404 3597 1667 
68 67 72 3887 2453 4717 
68 72 78 4717 4287 3182 
18 89 45 3694 3695 966 
57 59 90 2014 2015 2017 
59 91 90 4207 3443 2015 
92 61 60 3142 3143 3145 
3 5 84 1097 1098 1100 
17 10 2 4212 4213 2167 
17 11 10 4463 3337 4212 
68 85 69 4593 3784 3883 
92 86 61 3432 4692 3142 
53 61 86 4486 4692 4694 
16 8 40 3115 3148 3635 
40 39 16 4444 4359 3635 
74 49 52 1668 4448 2267 
87 49 74 1667 1668 1670 
74 76 93 2190 3484 3485 
74 93 87 3485 2765 1670 
55 94 53 2391 2392 1657 
4 29 5 4302 4602 4053 
13 95 38 1362 4523 3992 
85 83 82 4246 4398 4417 
96 97 98 3965 2598 3286 
99 12 35 4309 3505 2458 
58 57 100 3768 870 2445 
60 101 102 1537 1538 1540 
77 39 103 2355 4683 4684 
105 106 104 4745 1729 4744 
109 107 108 2816 928 782 
110 54 86 3221 3961 3962 
31 30 111 4048 4049 4050 
99 35 112 2458 3818 3062 
53 94 113 2392 2399 3821 
113 94 78 2399 2400 2402 
39 56 103 4698 3108 4683 
115 93 116 1906 1502 841 
60 102 92 1540 999 3145 
95 32 38 4521 2525 4523 
32 95 104 4521 4291 1774 
99 18 12 4497 4271 4309 
18 99 89 4497 1571 3694 
117 118 97 1404 1405 1060 
83 85 119 4246 4278 700 
122 120 121 2628 2834 2835 
123 124 125 2427 2428 2430 
126 127 128 1879 3652 3650 
130 131 129 984 3729 692 
130 132 131 981 982 984 
110 134 133 3178 3816 3242 
136 118 135 2009 3257 3683 
142 140 141 2797 2798 2800 
143 144 145 3152 874 2045 
116 147 146 2702 4224 4351 
66 47 148 3138 3044 3140 
134 149 150 4376 4377 4379 
151 102 101 3187 1538 3188 
152 86 92 3431 3432 3265 
153 125 124 4592 2428 3586 
154 46 6 1234 2860 2911 
59 58 43 4669 4257 3543 
43 58 44 4257 2964 3502 
148 31 111 3049 4050 4286 
148 47 31 3044 3048 3049 
66 155 156 1204 3662 3663 
144 132 130 4629 981 1715 
133 64 110 1017 3223 3242 
64 54 110 3220 3221 3223 
97 118 136 1405 2009 2011 
136 98 97 3645 2598 2011 
24 161 1 4223 4007 2822 
162 1 161 4006 4007 2916 
149 44 150 4504 2963 4377 
151 101 163 3188 1222 1803 
152 153 149 2671 4210 4547 
152 149 134 4547 4376 4604 
110 152 134 3231 4604 3178 
152 110 86 3231 3962 3431 
150 58 100 2966 2445 2507 
150 44 58 2963 2964 2966 
115 164 65 2940 4088 2100 
161 130 129 691 692 694 
109 108 165 782 1275 3397 
115 146 164 2938 2939 2940 
116 146 115 4351 2938 841 
108 166 165 2433 2434 1275 
133 168 169 3301 3302 3304 
170 14 36 2768 3398 2886 
171 79 172 1111 1409 4478 
173 174 29 4190 4191 4192 
175 125 153 1776 4592 4189 
152 175 153 3263 4189 2671 
65 164 63 4088 1117 4590 
145 144 176 874 3895 3896 
70 153 124 4178 3586 3892 
177 124 123 2603 2427 4668 
179 180 178 2618 4603 2350 
180 179 181 2618 4218 4219 
46 154 182 1234 1235 1237 
46 182 183 1237 1493 776 
184 172 71 1956 3715 3716 
156 155 166 3662 3803 3052 
42 70 185 2945 3514 3516 
21 183 186 3661 1218 823 
119 187 83 697 698 700 
68 188 85 3183 4479 4593 
188 119 85 4352 4278 4479 
189 133 134 2698 3816 3817 
189 168 133 4498 3301 2698 
92 175 152 3262 3263 3265 
8 1 162 3801 4006 4519 
50 187 191 2829 2830 2832 
119 191 187 4030 2830 697 
177 123 143 4668 4134 2048 
143 145 177 2045 2046 2048 
192 182 154 2417 1235 890 
193 115 65 1903 2100 2102 
194 118 117 4403 1404 4052 
148 111 195 4286 2607 4369 
125 175 102 1776 1777 1779 
102 175 92 1777 3262 999 
57 196 100 867 868 870 
144 143 132 3152 4501 4629 
197 198 199 3455 3456 3458 
133 169 64 3304 3133 1017 
169 65 64 2467 4075 3133 
201 202 200 2055 4323 4322 
204 182 203 2254 3475 3476 
206 42 205 4138 3408 2520 
206 43 42 3020 4137 4138 
20 46 183 775 776 778 
20 183 21 778 3661 1044 
72 71 172 2457 3715 3712 
72 172 79 3712 1409 3713 
188 78 94 932 2400 3600 
68 78 188 3182 932 3183 
149 70 44 4365 2943 4504 
70 149 153 4365 4210 4178 
189 150 100 4432 2507 3111 
134 150 189 4379 4432 3817 
171 207 79 3844 1990 1111 
66 148 155 3140 4008 1204 
148 195 155 4369 4756 4008 
208 97 96 3967 3965 3360 
55 199 198 3612 3456 3614 
165 166 155 2434 3803 3804 
144 130 215 1715 994 1716 
75 216 208 4487 3390 2034 
218 217 200 3548 3549 3552 
166 108 220 2433 4388 2704 
174 223 222 3409 3410 1909 
189 100 224 3111 3112 2451 
43 226 59 4454 4253 3543 
59 226 91 4253 3630 4207 
117 170 227 3324 1983 3195 
228 26 147 2388 2363 2389 
111 30 229 4049 4424 4765 
205 42 230 3408 1462 3014 
232 151 231 4079 3626 1057 
234 123 233 4294 3278 2227 
24 45 215 967 2243 2177 
142 141 184 2800 1957 3676 
172 184 141 1956 1957 1959 
107 237 238 4249 3421 1149 
202 220 239 2054 2372 3794 
197 240 51 3702 2894 3575 
241 242 195 3200 3201 3202 
8 162 243 4519 2805 4805 
244 174 245 2493 2131 1595 
166 201 156 2703 3050 3052 
181 186 246 3655 3656 1453 
33 247 48 4557 3271 4073 
247 52 48 3270 2733 3271 
231 248 249 3486 3487 2345 
250 101 60 3237 1537 3238 
117 216 170 1063 3659 3324 
170 36 251 2886 3525 1980 
15 216 75 1897 4487 3352 
255 50 66 4568 4582 4594 
258 142 239 4145 4595 1437 
140 142 258 2797 4145 2760 
181 259 180 1451 4570 4219 
107 109 237 2816 4610 4249 
109 264 237 766 1258 4610 
265 266 267 2313 3079 2411 
226 268 91 1156 2660 3630 
170 251 227 1980 1981 1983 
227 251 168 1981 751 1487 
50 191 51 2832 3569 3532 
197 51 191 3575 3569 4042 
63 54 64 2288 3220 4620 
63 55 54 2285 2286 2288 
176 215 45 2121 2243 2244 
176 144 215 3895 1716 2121 
220 202 201 2054 2055 2057 
220 201 166 2057 2703 2704 
197 199 240 3458 3610 3702 
240 199 164 3610 3848 4337 
145 176 269 3896 3528 3829 
161 129 162 694 3693 2916 
206 266 265 2993 2313 2994 
141 140 171 2798 2744 3968 
172 141 171 1959 3968 4478 
216 97 208 1061 3967 3390 
117 97 216 1060 1061 1063 
238 140 107 2585 2586 1149 
36 37 251 4091 3979 3525 
204 183 182 1215 1493 2254 
24 215 161 2177 993 4223 
161 215 130 993 994 691 
170 216 14 3659 1793 2768 
15 14 216 1895 1793 1897 
123 234 143 4294 4295 4134 
220 258 239 2371 1437 2372 
108 258 220 926 2371 4388 
107 258 108 925 926 928 
107 140 258 2586 2760 925 
246 259 181 847 1451 1453 
263 259 246 846 847 849 
240 164 146 4337 2939 3901 
213 268 128 2661 4646 4561 
224 100 196 3112 868 2824 
189 224 168 2451 1488 4498 
240 146 273 3901 3902 2896 
63 164 199 1117 3848 4047 
63 199 55 4047 3612 2285 
255 66 156 4594 3663 4346 
213 91 268 2659 2660 2661 
225 192 138 4062 2761 4063 
23 15 75 1355 3352 3353 
241 274 249 798 799 801 
232 131 132 3478 982 3479 
196 120 122 2627 2628 2630 
55 198 94 3614 3753 2391 
162 275 243 2803 2804 2805 
241 276 98 2366 2367 2369 
73 277 278 1004 1005 1007 
33 32 279 2383 1192 2385 
125 233 123 3065 3278 2430 
195 276 241 3672 2366 3202 
280 281 266 3926 3709 3933 
263 283 225 3874 3876 3875 
174 222 245 1909 2129 2131 
285 284 277 1628 1633 3959 
286 138 192 3382 2761 4268 
287 169 168 4360 3302 754 
288 147 116 2737 2702 1505 
178 289 179 3788 1401 2350 
243 291 290 4564 3328 4543 
197 292 198 3952 3953 3455 
96 229 293 4614 4615 3361 
208 96 293 3360 3361 1140 
294 235 285 4674 2794 1820 
285 235 139 2794 3731 2159 
7 295 6 4577 2913 4058 
295 154 6 2910 2911 2913 
273 146 25 3902 4452 4506 
279 106 256 1731 4481 878 
228 84 5 2093 1098 3554 
296 62 113 3920 2298 4273 
56 297 103 3107 3109 3108 
120 41 40 1034 4442 3507 
266 126 267 3076 3077 3079 
295 298 154 1584 4065 2910 
296 78 79 4074 3489 3644 
113 78 296 2402 4074 4273 
173 223 174 4401 3409 4190 
75 208 173 2034 2035 2037 
171 299 207 2747 3843 3844 
91 300 90 3833 4357 3443 
301 90 300 4204 4357 3267 
302 122 194 4457 4569 2512 
290 194 122 3327 4569 3728 
169 193 65 4245 2102 2467 
136 274 98 2066 3725 3645 
98 274 241 3725 798 2369 
263 246 203 849 4418 4005 
203 283 263 920 3874 4005 
207 299 62 3843 3796 4651 
177 185 124 1496 2602 2603 
70 124 185 3892 2602 3514 
218 210 255 4636 4197 4633 
173 208 223 2035 1139 4401 
303 210 81 835 836 839 
255 210 303 4197 835 4199 
145 230 177 2490 1497 2046 
232 233 151 2274 4288 4079 
13 22 304 1282 1283 1285 
13 304 95 1285 1360 1362 
305 127 281 3166 1878 3364 
112 306 99 3061 1572 3062 
306 89 99 1330 1571 1572 
119 188 292 4352 4566 4031 
109 165 242 3397 4612 763 
245 27 26 1561 1562 1564 
95 289 104 3701 4290 4291 
248 163 237 4434 3841 3686 
250 307 101 3621 1221 3237 
250 299 238 2081 1605 3985 
249 264 241 4611 4445 801 
226 267 268 1153 1154 1156 
181 179 308 4218 3385 2982 
309 205 269 2869 3012 3527 
265 267 226 2411 1153 3936 
245 26 244 1564 1593 1595 
203 246 204 4418 4419 3476 
234 233 232 2227 2274 4317 
121 120 40 2834 3507 3147 
310 285 277 1821 3959 1727 
25 28 273 4721 3531 4506 
217 255 156 4631 4346 4230 
217 218 255 3548 4633 4631 
238 237 307 3421 2124 3923 
238 307 250 3923 3621 3985 
311 129 131 1458 3729 1364 
312 22 23 3910 1357 4754 
308 22 312 3909 3910 2984 
301 56 41 4334 4335 1799 
243 275 291 2804 3348 4564 
275 311 135 1456 789 3185 
7 278 295 2987 2291 4577 
309 45 89 4244 3695 3009 
313 57 90 3730 2017 3191 
196 57 313 867 3730 4672 
231 249 314 2345 4429 1858 
231 314 315 1858 1859 1054 
283 192 225 2415 4062 3876 
287 88 87 3877 2404 3074 
76 84 288 2530 2091 3127 
275 135 291 3185 3256 3348 
256 316 279 1448 1449 878 
316 33 279 4587 2385 1449 
37 49 88 3742 3597 3980 
251 37 88 3979 3980 3982 
5 244 228 4331 4332 3554 
228 244 26 4332 1593 2388 
113 61 53 3826 4486 3821 
113 62 61 2298 1431 3826 
212 297 300 4516 4540 2221 
296 79 207 3644 1990 3035 
207 62 296 4651 3920 3035 
247 310 52 3738 2854 3270 
91 213 300 2659 2218 3833 
300 213 212 2218 2219 2221 
194 117 302 4052 3194 2512 
302 117 227 3194 3195 3197 
286 139 138 2980 3383 3382 
121 290 122 3727 3728 2835 
121 243 290 4542 4543 3727 
136 314 274 3869 3870 2066 
249 274 314 799 3870 4429 
185 177 230 1496 1497 1499 
185 230 42 1499 1462 3516 
273 51 240 2893 2894 2896 
273 28 51 3531 2949 2893 
303 81 83 839 2146 2148 
303 83 187 2148 698 3855 
145 269 230 3829 3011 2490 
230 269 205 3011 3012 3014 
308 304 22 4260 1283 3909 
308 179 304 3385 1399 4260 
289 304 179 1398 1399 1401 
304 289 95 1398 3701 1360 
306 305 281 3641 3364 2280 
306 112 305 3061 3642 3641 
188 94 292 3600 4143 4566 
94 198 292 3753 3953 4143 
195 242 155 3201 4755 4756 
165 155 242 3804 4755 4612 
206 265 43 2994 3023 3020 
43 265 226 3023 3936 4454 
183 204 186 1215 1216 1218 
186 204 246 1216 4419 3656 
234 132 143 4500 4501 4295 
232 132 234 3479 4500 4317 
60 62 250 3377 3378 3238 
250 62 299 3378 3796 2081 
280 306 281 3925 2280 3926 
280 89 306 2096 1330 3925 
187 50 303 2829 3854 3855 
255 303 50 4199 3854 4568 
26 25 147 2360 2361 2363 
25 146 147 4452 4224 2361 
281 127 126 1878 1879 1881 
126 266 281 3076 3709 1881 
307 237 163 2124 3841 885 
101 307 163 1221 885 1222 
311 131 315 1364 1365 786 
311 315 135 786 787 789 
162 129 275 3693 1457 2803 
311 275 129 1456 1457 1458 
21 186 312 823 2235 2236 
312 23 21 4754 4606 2236 
312 186 181 2235 3655 2981 
312 181 308 2981 2982 2984 
301 41 313 1799 1032 4532 
301 313 90 4532 3191 4204 
98 276 96 2367 4560 3286 
96 276 229 4560 4729 4614 
76 73 278 4080 1007 2986 
76 278 7 2986 2987 2531 
279 104 106 1728 1729 1731 
32 104 279 1774 1728 1192 
309 89 280 3009 2096 2870 
280 205 309 2500 2869 2870 
309 176 45 3530 2244 4244 
309 269 176 3527 3528 3530 
173 19 75 4507 4341 2037 
173 29 19 4192 2028 4507 
151 233 102 4288 3064 3187 
125 102 233 1779 3064 3065 
120 313 41 1031 1032 1034 
196 313 120 4672 1031 2627 
136 135 314 3683 1696 3869 
135 315 314 787 1859 1696 
276 111 229 3671 4765 4729 
111 276 195 3671 3672 2607 
280 206 205 3932 2520 2500 
206 280 266 3932 3933 2993 
288 93 76 1503 3484 3127 
116 93 288 1502 1503 1505 
192 283 182 2415 2416 2417 
203 182 283 3475 2416 920 
27 245 30 1561 2395 2396 
222 30 245 4395 2395 2129 
168 251 287 751 752 754 
287 251 88 752 3982 3877 
241 264 242 4445 764 3200 
109 242 264 763 764 766 
104 289 105 4290 3787 4744 
105 289 178 3787 3788 3789 
292 191 119 3306 4030 4031 
197 191 292 4042 3306 3952 
147 288 228 2737 2090 2389 
228 288 84 2090 2091 2093 
154 298 318 4065 4768 891 
192 154 318 890 891 893 
192 318 286 893 4267 4268 
284 286 318 1870 4267 4624 
291 194 290 3326 3327 3328 
169 287 193 4360 3073 4245 
87 193 287 2865 3073 3074 
294 285 310 1820 1821 1823 
223 208 293 1139 1140 1142 
223 293 222 1142 4276 3410 
248 237 264 3686 1258 3687 
248 264 249 3687 4611 3487 
300 297 301 4540 4405 3267 
56 301 297 4334 4405 3107 
285 139 284 2159 2160 1628 
139 286 284 2980 1870 2160 
316 247 33 4690 4557 4587 
298 278 277 1757 1005 1636 
295 278 298 2291 1757 1584 
115 193 93 1903 1904 1906 
87 93 193 2765 1904 2865 
277 284 298 1633 1634 1636 
284 318 298 4624 4768 1634 
151 163 248 1803 4434 1885 
231 151 248 3626 1885 3486 
52 310 73 2854 2855 2268 
277 73 310 1004 2855 1727 
171 140 299 2744 2745 2747 
238 299 140 1605 2745 2585 
244 29 174 3837 4191 2493 
5 29 244 4602 3837 4331 
256 235 294 4710 4674 2282 
316 256 294 1448 2282 2283 
217 201 200 4140 4322 3549 
201 217 156 4140 4230 3050 
231 315 232 1054 1055 1057 
232 315 131 1055 1365 3478 
8 243 121 4805 4542 3150 
121 40 8 3147 3148 3150 
291 118 194 3259 4403 3326 
291 135 118 3256 3257 3259 
268 267 126 1154 3077 4517 
268 126 128 4517 3650 4646 
227 168 224 1487 1488 1490 
224 302 227 1847 3197 1490 
222 293 229 4276 4615 4423 
222 229 30 4423 4424 4395 
294 310 247 1823 3738 4799 
316 294 247 2283 4799 4690 
302 196 122 2826 2630 4457 
302 224 196 1847 2824 2826 
