1136 # number of quadratic FSI nodes
551 # number of FSI facets
215.964 124.771 23.0603 0
217.317 126.329 22.2909 1
217.994 124.277 22.6138 2
235.418 131.169 24.0499 3
235.122 130.439 22.5111 4
234.879 132.436 22.9895 5
235.922 129.61 24.1647 6
235.46 130.643 25.6689 7
219.75 126.156 22.6658 8
215.322 121.29 23.7536 9
216.581 122.798 23.0561 10
217.521 120.984 23.3436 11
214.751 123.323 24.0548 12
227.882 126.545 22.9488 13
227.442 128.572 23.6092 14
228.273 128.168 21.4072 15
220.012 123.54 23.3302 16
218.432 122.389 23.0039 17
214.431 125.337 24.4513 18
232.082 129.563 19.7823 19
234.085 129.107 21.07 20
232.668 127.486 20.3879 21
229.23 126.199 21.1589 22
230.383 127.736 20.148 23
215.383 126.793 23.2426 24
233.46 138.088 24.4975 25
233.931 136.152 23.1164 26
233.181 138.021 21.996 27
233.211 140.399 23.3587 28
233.687 131.636 20.8859 29
231.73 137.424 19.9146 30
232.222 140.028 20.5511 31
228.415 125.432 26.4789 32
229.468 126.018 28.0814 33
228.471 127.462 26.9902 34
213.667 121.824 25.3118 35
227.681 128.981 25.7592 36
228.589 129.407 27.489 37
227.777 126.965 25.1046 38
221.242 123.106 25.0366 39
221.329 125.281 24.3333 40
221.767 124.817 26.2402 41
216.004 130.101 29.9123 42
217.862 128.231 30.919 43
218.538 130.762 30.9284 44
214.211 127.32 24.8991 45
235.554 128.396 22.6047 46
232.553 143.047 21.8228 47
229.706 128.023 28.4062 48
230.004 129.991 28.6124 49
232.561 146.77 23.8395 50
232.48 142.906 25.682 51
231.516 128.68 29.0293 52
222.969 141.61 31.0446 53
224.627 138.886 30.9953 54
226.312 141.322 30.757 55
221.637 123.044 26.7503 56
221.446 127.799 29.1107 57
220.354 129.153 30.5238 58
219.898 126.965 30.5622 59
217.319 141.033 27.6516 60
219.618 141.507 29.9869 61
218.179 144.151 28.0959 62
227.588 138.68 30.2219 63
226.053 136.405 30.3197 64
228.649 136.288 29.4757 65
231.263 145.747 19.5299 66
221.667 154.271 30.3004 67
224.029 151.137 30.8784 68
226.395 154.307 30.6585 69
216.92 132.377 30.0129 70
218.796 154.06 27.9597 71
220.263 151.164 29.4912 72
233.488 129.233 28.4998 73
231.95 130.863 28.794 74
229.424 129.937 19.9288 75
234.078 131.523 27.3443 76
219.757 120.98 24.186 77
221.93 147.754 30.5344 78
218.976 148.578 28.3587 79
231.385 153.948 26.5577 81
229.38 154.163 28.9995 82
230.526 151.248 27.8584 83
234.94 132.411 25.1494 84
227.864 151.268 30.0025 85
221.348 138.904 30.959 86
230.021 131.965 28.7328 87
228.766 130.986 27.99 88
213.653 125.888 26.39 89
220.978 125.646 29.3768 90
219.584 124.911 30.6826 91
218.406 138.754 29.549 92
232.111 133.46 28.3448 93
225.067 144.586 30.9533 94
227.963 124.955 24.4352 95
227.554 134.793 19.0361 96
225.545 132.9 20.6469 97
224.913 135.514 19.1038 98
213.619 123.9 25.8946 99
222.119 130.04 29.0053 100
216.578 140.435 24.7451 101
216.442 138.08 26.9464 102
221.287 121.304 26.1061 103
228.519 123.419 25.8508 104
228.823 121.496 24.7774 105
229.56 121.871 27.475 106
218.753 145.838 19.3856 107
221.853 146.851 17.3403 108
221.093 143.668 18.0042 109
223.132 136.349 31.0493 110
229.907 138.958 18.7169 111
213.189 122.44 27.6625 112
220.987 144.357 30.4019 113
231.122 135.934 28.5944 115
232.835 135.457 27.2976 116
224.834 131.845 23.4656 117
222.975 132.054 21.9229 118
229.564 148.544 29.0317 119
221.963 126.927 25.6324 120
221.382 127.464 23.8377 121
222.172 128.957 24.8566 122
215.364 133.87 26.5618 123
215.968 133.41 28.4616 124
216.198 135.425 27.7932 125
215.989 124.467 30.9247 126
214.67 123.015 30.595 127
217.038 122.99 31.4039 128
217.558 130.051 21.4488 129
215.781 130.417 22.6189 130
216.825 132.119 21.6865 131
215.418 132.41 23.483 132
224.644 134.166 29.9085 133
221.98 133.801 30.9143 134
220.733 132.23 20.8392 135
222.893 133.862 20.1664 136
236.917 123.544 26.5405 138
235.771 123.398 28.2315 139
217.207 148.395 22.0897 140
217.167 151.067 24.0525 141
217.437 153.403 20.5745 142
214.879 132.373 25.4701 143
214.712 130.716 24.4257 144
214.391 130.815 26.3503 145
232.495 137.815 27.1066 146
233.695 135.988 25.4893 147
230.474 142.11 18.8061 148
219.181 133.215 30.9317 149
221.08 131.417 30.6547 150
216.482 137.846 23.1564 151
219.695 136.092 30.797 152
217.387 134.591 29.7016 153
236.298 127.58 24.7317 154
227.395 144.372 17.5041 155
228.931 148.103 17.6611 156
216.435 128.373 22.2322 161
218.594 128.146 21.8555 162
217.05 140.375 22.2697 163
230.199 138.368 28.9823 164
223.915 144.836 17.1773 165
225.376 147.412 16.7794 166
225.524 132.772 27.8175 168
227.09 134.355 29.1172 169
226.762 130.545 24.4877 170
217.512 148.604 25.7391 171
218.018 151.18 26.8636 172
231.267 131.781 19.4756 173
232.515 133.733 20.1366 174
217.443 136.634 29.128 175
214.206 129.2 25.5103 176
215.039 132.178 27.3444 177
229.63 121.534 22.7118 178
229.879 123.236 21.7997 179
231.32 121.836 21.3749 180
231.949 123.951 20.8054 181
236.015 126.245 22.6694 182
234.518 127.094 21.303 183
217.276 153.784 24.8601 184
215.646 131.762 28.8451 185
233.301 125.698 20.7411 186
231.5 148.701 26.7763 187
226.295 148.17 30.6524 188
223.24 132.136 29.3195 189
231.25 146.008 27.5734 191
236.87 125.304 24.916 192
229.527 134.06 28.9568 193
222.521 130.663 23.6686 194
227.166 140.541 17.9015 195
222.403 128.839 26.9959 196
230.418 143.222 28.7111 197
228.032 143.155 30.2229 198
229.128 140.89 29.6455 199
228.306 153.072 16.723 200
226.846 150.376 16.5793 201
225.229 153.025 16.1135 202
235.659 124.743 21.9226 203
234.836 125.609 21.3978 204
214.653 128.734 28.5457 205
215.638 127.724 30.1081 206
218.152 146.69 27.3716 207
228.642 132.452 19.5605 208
232.444 153.602 22.6506 210
220.717 122.28 29.9012 212
219.22 122.697 31.0401 213
214.93 128.802 23.6737 215
227.15 130.55 21.8215 216
229.559 150.913 17.735 217
230.79 153.235 18.5379 218
223.234 150.006 16.6144 220
231.298 135.239 19.5565 222
230.732 133.532 19.334 223
223.424 131.212 27.3186 224
237.062 123.39 23.9962 225
218.137 126.13 31.026 226
225.214 131.931 25.7239 227
234.473 134.239 24.1832 228
229.606 136.374 18.8994 229
214.815 130.554 28.0966 230
218.213 136.27 20.7218 231
216.294 134.621 22.6244 232
215.73 135.685 25.317 233
215.363 133.842 24.6763 234
233.66 122.981 29.3564 235
218.179 142.274 20.3288 237
217.219 144.598 22.4741 238
220.977 153.079 16.8893 239
231.48 140.552 27.8346 240
223.881 138.474 18.3756 241
224.041 142.022 17.6339 242
220.462 128.522 22.5568 243
234.019 134.077 21.9049 244
232.959 135.815 20.9766 245
234.311 124.217 21.0831 246
231.03 126.569 29.0577 247
218.298 139.106 20.4609 248
220.646 137.498 19.2965 249
216.855 143.057 25.2554 250
227.396 131.116 26.6507 251
231.963 149.885 20.3665 255
231.296 122.397 29.0314 256
219.449 149.518 18.1825 258
233.691 122.368 20.9848 259
235.928 122.976 22.0351 263
220.891 140.45 18.6556 264
216.765 126.713 30.8136 265
215.549 125.935 30.3824 266
216.828 125.542 30.9736 267
217.819 124.461 31.1705 268
214.255 129.467 27.0972 269
232.891 139.988 25.8001 273
222.559 136.01 19.2161 274
219.681 130.036 21.4097 275
227.161 137.393 18.3697 276
234.629 127.467 28.1669 277
235.061 129.333 27.1553 278
229.472 123.952 27.7807 279
214.229 126.502 28.7111 280
214.429 124.566 29.8025 281
236.486 124.567 23.0348 283
235.622 125.899 27.635 284
234.24 125.319 28.8435 285
236.427 124.942 26.821 286
228.067 132.547 28.1787 287
233.899 133.925 26.4043 288
228.586 123.138 23.5759 289
221.59 129.188 23.4743 290
221.357 130.425 22.3161 291
228.635 145.648 29.8588 292
229.591 134.465 19.089 293
232.294 124.858 29.326 294
235.891 129.027 25.7673 295
219.471 146.292 29.1187 296
221.405 121.841 28.3597 297
235.768 127.661 26.7123 298
217.226 145.916 25.2181 299
220.759 123.61 29.7072 300
221.575 124.222 28.0516 301
223.152 130.784 25.3824 302
232.199 150.735 24.829 303
228.72 124.706 22.3634 304
213.684 122.795 29.3096 305
213.5 124.386 28.0251 306
216.953 142.151 22.9823 307
230.096 124.736 21.1414 308
213.946 127.898 26.8593 309
232.913 127.057 29.0645 310
218.628 131.552 20.9435 311
231.25 125.913 20.5038 312
221.845 126.358 27.6013 313
220.533 134.85 19.9005 314
218.381 133.577 20.7237 315
230.611 124.74 28.8706 316
236.319 126.335 26.2437 318
216.078 129.392 22.3878 691
216.599 130.222 21.9219 692
216.99 129.21 21.8288 694
230.638 148.633 27.9932 697
231.03 149.976 27.3285 698
230.068 149.898 28.468 700
226.562 132.117 27.08 751
227.702 131.803 27.4573 752
226.813 132.759 27.8991 754
222.545 142.828 17.7184 763
222.442 141.213 18.0332 764
220.987 142.057 18.3191 766
234.884 128.76 21.7752 775
235.116 127.757 21.8825 776
234.295 128.1 21.1946 778
221.47 145.258 17.6629 782
218.497 132.56 20.8078 786
219.532 132.854 20.5583 787
219.685 131.869 20.8233 789
223.216 137.234 18.765 798
221.587 136.736 19.1841 799
222.247 137.97 18.7604 801
232.979 126.593 20.583 823
232.403 152.17 23.751 835
232.186 153.771 24.6826 836
231.808 152.342 25.7009 839
232.034 135.708 28.0118 841
234.892 122.677 21.319 846
234.007 123.292 21.0094 847
235.174 123.601 21.459 849
222.06 128.294 28.1034 867
222.328 129.419 28.0248 868
221.748 128.927 29.0363 870
214.453 130.779 25.3675 874
230.31 123.162 28.5009 878
216.989 141.264 22.622 885
236.571 126.437 24.8233 890
236.351 126.968 25.4966 891
236.66 125.836 25.5993 893
236.101 124.659 22.4568 920
219.093 147.677 18.7755 925
220.604 148.17 17.6662 926
220.181 146.319 18.1496 928
224.1 147.971 30.8928 932
214.312 126.328 24.6702 966
214.714 127.053 24.0124 967
214.885 126.064 23.8297 969
215.541 131.42 23.011 981
216.013 132.278 22.4984 982
216.285 131.269 22.1329 984
215.598 128.582 22.8728 993
215.331 129.609 23.1276 994
217.258 138.453 28.3672 999
234.071 128.354 28.3538 1004
234.874 128.408 27.6889 1005
234.339 129.306 27.903 1007
225.372 135.261 30.166 1017
222.008 126.628 26.6124 1031
221.85 125.583 26.9247 1032
221.858 125.873 25.9374 1034
233.428 128.294 20.6382 1044
218.279 134.922 20.6895 1054
217.157 134.115 21.4562 1055
217.183 135.452 21.609 1057
225.133 132.164 21.9539 1060
226.424 131.822 21.3118 1061
226.113 131.338 22.6877 1063
235.186 131.812 23.5121 1097
235.05 132.465 24.0714 1098
235.216 131.801 24.6023 1100
218.128 148.594 27.1127 1111
228.911 138.521 29.6424 1117
229.688 132.967 19.2713 1139
229.107 133.441 19.228 1140
230.163 133.998 19.2035 1142
217.807 145.211 20.8415 1149
217.479 125.839 31.038 1153
217.321 125.008 31.1167 1154
217.978 125.295 31.0871 1156
228.903 124.686 27.1571 1192
229.507 145.041 18.1623 1204
234.672 126.351 21.3566 1215
234.091 125.654 21.0223 1216
233.944 126.396 20.9564 1218
216.732 141.296 23.86 1221
216.693 140.421 23.4809 1222
236.076 128.015 23.6336 1234
236.302 126.946 23.6622 1235
235.777 127.319 22.6416 1237
219.402 141.341 19.3037 1258
222.869 145.835 17.193 1275
228.404 126.319 21.9502 1282
228.932 125.434 21.7194 1283
228.236 125.603 22.622 1285
213.539 125.14 27.2057 1330
228.707 127.169 21.2356 1354
229.213 127.903 20.5862 1355
229.781 126.949 20.5953 1357
228.189 124.775 23.3397 1360
227.849 125.739 23.6804 1362
217.674 131.822 21.1928 1364
217.582 132.846 21.1692 1365
228.633 123.916 22.9589 1398
229.257 123.954 22.0447 1399
229.12 123.139 22.5952 1401
223.903 131.957 22.697 1404
224.262 132.627 21.3784 1405
218.485 149.879 27.6193 1409
218.821 142.844 29.1299 1431
220.194 151.295 17.5037 1437
230.955 123.569 28.9477 1448
229.983 124.338 28.3862 1449
232.82 123.157 20.8693 1451
233.147 124.075 20.8082 1453
219.161 130.773 21.0921 1456
218.614 130.004 21.267 1457
218.089 130.798 21.1793 1458
215.331 130.35 29.0653 1462
225.377 132.274 26.8006 1487
224.378 132.139 27.515 1488
224.191 131.759 26.4998 1490
235.328 126.68 21.9277 1493
215.29 131.989 28.1216 1496
214.9 131.376 27.7301 1497
215.189 131.171 28.4958 1499
232.514 134.47 27.8689 1502
233.132 133.737 27.5153 1503
233.37 134.692 26.8528 1505
227.654 127.557 23.2774 1532
216.773 140.755 26.2383 1537
216.449 139.272 25.8568 1538
216.909 139.551 27.2877 1540
229.031 127.738 27.7465 1549
229.145 128.715 27.9502 1550
228.539 128.436 27.2331 1552
233.086 136.92 21.478 1561
233.515 137.078 22.5695 1562
233.546 136.008 21.9968 1564
213.652 124.892 26.1464 1571
213.426 124.157 26.9519 1572
235.834 128.345 26.2416 1584
234.021 135.127 22.4924 1593
233.495 134.948 21.4364 1595
217.052 145.278 23.8422 1605
234.983 125.626 28.3077 1628
235.126 126.683 27.9008 1633
235.713 126.785 27.1859 1634
235.269 127.581 27.4959 1636
224.651 141.467 31.0288 1657
230.018 130.979 28.657 1667
230.965 130.437 28.8518 1668
230.987 131.414 28.8275 1670
220.632 133.516 20.3041 1696
227.717 127.971 25.4358 1707
215.146 130.581 23.4671 1715
214.762 129.763 24.0178 1716
233.822 127.282 28.7154 1727
228.883 123.666 26.8869 1728
228.977 122.634 26.6966 1729
229.512 122.911 27.6312 1731
235.445 128.504 26.9538 1757
228.449 124.423 26.1708 1774
216.778 136.041 28.4909 1776
216.836 137.38 28.1059 1777
216.317 136.753 27.371 1779
227.277 129.554 22.7099 1793
221.743 124.515 27.1518 1799
216.773 139.11 22.7155 1803
233.29 125.099 29.1949 1820
233.585 126.191 28.9815 1821
232.609 125.96 29.2348 1823
223.341 130.957 26.3526 1847
219.301 135.535 20.145 1858
219.447 134.207 20.2773 1859
236.043 125.425 27.2415 1870
214.545 123.792 30.204 1878
215.291 123.764 30.816 1879
215.147 124.543 30.4616 1881
217.256 138.476 21.7186 1885
227.696 128.333 22.4648 1895
227.77 129.379 21.6455 1897
230.365 134.99 28.9396 1903
230.84 133.763 28.7877 1904
231.602 134.694 28.4413 1906
231.909 134.486 19.8422 1909
217.603 152.483 25.8782 1956
217.224 152.425 24.4558 1957
217.492 151.128 25.4851 1959
226.987 130.775 25.614 1980
226.424 131.704 26.0942 1981
226.145 131.455 25.038 1983
218.553 147.635 27.8727 1990
222.953 132.865 20.95 2009
224.222 133.422 20.4553 2011
220.753 127.37 29.9087 2014
220.499 126.299 30.0243 2015
221.183 126.726 29.2241 2017
232.986 130.598 20.1995 2028
233.906 130.372 20.9578 2029
233.121 129.327 20.3713 2031
229.047 131.205 19.7827 2034
229.94 132.098 19.3808 2035
230.322 130.835 19.5329 2037
214.582 131.61 25.9095 2045
214.677 131.51 26.8561 2046
214.88 132.304 26.4179 2048
224.228 151.509 16.3137 2054
226.039 151.699 16.3287 2055
225.039 150.175 16.466 2057
222.72 134.902 19.6159 2066
217.004 144.492 25.2416 2081
234.304 134.12 25.3347 2090
234.469 133.184 25.8019 2091
234.723 133.33 24.6679 2093
213.709 126.234 27.6413 2096
229.907 136.106 29.1058 2100
229.082 135.182 29.1792 2102
214.441 129.013 24.535 2121
217.431 142.212 21.5954 2124
232.214 135.538 20.1683 2129
232.761 134.779 20.5307 2131
230.962 152.598 27.2123 2146
231.51 151.002 26.4218 2148
235.02 124.363 28.5592 2159
235.687 124.645 27.9226 2160
218.213 123.322 22.7431 2167
215.13 127.796 23.4357 2177
233.12 131.23 28.2357 2190
215.345 124.046 23.5407 2207
216.272 123.784 23.0569 2208
215.611 123.051 23.4625 2210
220.061 123.166 30.4673 2218
220.049 122.504 30.5657 2219
220.73 122.944 29.7981 2221
215.528 134.768 24.9951 2227
232.282 125.793 20.5354 2235
231.968 126.685 20.3646 2236
214.54 128.061 24.2677 2243
214.136 128.268 25.1899 2244
235.496 125.94 21.9661 2254
231.733 129.771 28.9112 2267
232.528 128.979 28.9131 2268
232.728 130.052 28.6686 2270
215.823 135.19 23.9111 2274
213.875 124.497 28.9575 2280
231.774 123.623 29.2581 2282
231.424 124.8 29.2017 2283
226.968 139.998 30.5523 2285
225.475 140.103 30.9022 2286
226.128 138.777 30.6947 2288
235.526 129.194 26.4862 2291
219.455 144.281 29.4153 2298
216.144 126.329 30.6265 2313
219.385 136.875 19.928 2345
229.74 122.38 22.2423 2350
220.567 122.021 24.5417 2355
233.687 137.118 23.8069 2360
233.575 137.037 24.9929 2361
233.963 136.125 24.3309 2363
225.519 137.926 18.3349 2366
226.031 136.435 18.6682 2367
224.39 136.978 18.6815 2369
221.256 149.737 17.1862 2371
222.08 151.532 16.663 2372
228.868 125.713 27.3338 2383
229.456 124.983 27.9429 2385
234.262 135.208 23.6488 2388
234.138 135.128 24.8497 2389
225.696 142.954 30.8905 2391
224.019 143.099 31.0417 2392
232.361 136.621 20.4306 2395
232.587 137.735 20.8639 2396
222.994 144.484 30.9334 2399
223.479 146.176 30.9132 2400
221.472 146.053 30.4359 2402
229.35 131.459 28.446 2404
216.798 126.127 30.8884 2411
236.794 124.956 23.9393 2415
236.251 125.406 22.8519 2416
236.575 125.8 23.746 2417
215.58 133.665 27.5473 2427
216.082 134.418 28.128 2428
215.747 134.657 27.1872 2430
223.585 147.115 16.8977 2433
224.644 146.115 16.9188 2434
221.323 129.566 29.8496 2445
223.404 131.615 28.3557 2451
220.946 152.718 29.9263 2453
220.094 154.169 29.3051 2454
219.481 152.613 28.7757 2457
213.614 122.865 25.592 2458
227.886 135.29 29.3967 2467
214.533 130.704 27.2473 2490
233.355 133.925 20.9444 2493
214.447 127.617 28.6252 2500
221.715 130.663 29.9437 2507
222.879 130.686 24.5101 2512
215.082 128.243 29.374 2520
228.041 127.203 26.0778 2524
228.064 126.194 25.8028 2525
228.41 126.443 26.7514 2527
234.625 132.012 26.3065 2530
234.835 131.109 26.5443 2531
235.178 131.519 25.4046 2533
217.264 146.5 22.2952 2585
217.8 147.105 20.654 2586
225.203 134.132 19.7515 2598
215.815 132.583 28.6481 2602
215.475 132.804 27.9158 2603
228.56 139.737 18.1733 2607
230.578 122.525 21.552 2618
222.241 127.871 26.3106 2627
222.055 127.944 25.2478 2628
222.381 128.878 25.9167 2630
219.384 123.802 30.8266 2659
218.724 124.688 31.0031 2660
218.528 123.584 31.1494 2661
218.466 135.37 30.3736 2671
215.097 125.05 23.649 2688
215.649 125.779 23.1147 2690
223.942 133.151 29.6137 2698
233.34 135.74 26.4361 2702
226.11 148.896 16.6906 2703
224.303 148.706 16.6696 2704
230.559 128.356 28.8741 2733
233.8 134.957 25.9483 2737
217.067 148.505 23.9403 2744
217.075 147.147 23.6548 2745
217.387 147.259 25.4739 2747
218.027 148.925 19.9462 2760
236.926 124.43 25.7341 2761
231.093 132.724 28.7779 2765
227.145 129.576 24.0476 2768
233.957 124.153 29.1243 2794
217.302 150.898 21.3273 2797
217.082 149.731 23.0711 2798
217.048 152.23 22.3092 2800
219.138 129.09 21.6296 2803
220.078 129.275 21.9727 2804
219.576 128.299 22.0956 2805
233.459 138.073 23.236 2808
219.83 144.737 18.5589 2816
216.282 126.538 22.6222 2822
216.63 125.543 22.6403 2823
222.76 130.087 27.1422 2824
222.699 129.845 26.1913 2826
232.209 147.748 25.3657 2829
231.386 147.355 27.1819 2830
232.156 146.407 25.8008 2832
221.754 127.183 24.7046 2834
221.798 128.206 24.3383 2835
232.219 127.873 29.0899 2854
233.219 128.152 28.8272 2855
235.346 129.419 22.5533 2857
235.589 130.041 23.308 2858
235.807 129.014 23.3621 2860
229.777 133.018 28.8086 2865
214.202 128.335 27.7358 2869
213.998 127.221 27.8188 2870
227.252 129.774 25.1152 2886
232.691 141.448 25.7433 2893
232.116 141.748 26.8357 2894
232.27 140.281 26.874 2896
236.133 128.31 25.2578 2910
236.12 128.596 24.447 2911
235.991 129.342 24.9717 2913
217.476 128.223 21.8659 2916
231.883 136.888 27.9358 2938
231.426 138.103 28.1429 2939
230.648 137.149 28.7671 2940
217.203 130.456 30.6195 2942
217.653 131.591 30.6458 2943
216.46 131.24 29.9649 2945
232.883 141.66 24.5243 2949
235.488 130.924 24.8644 2953
219.822 131.077 30.9236 2963
219.475 129.947 30.8858 2964
220.7 130.292 30.5569 2966
236.143 124.182 27.5647 2980
231.602 124.936 20.6734 2981
231.008 124.332 20.9191 2982
230.655 125.306 20.7525 2984
234.587 130.435 27.2654 2986
235.303 130.002 26.4373 2987
215.598 126.829 30.2392 2993
216.172 127.226 30.5189 2994
213.725 126.912 26.6178 3009
214.5 130.018 27.6077 3011
214.395 129.113 27.8439 3012
214.718 129.648 28.3285 3014
216.689 127.992 30.6649 3020
217.311 127.473 30.8792 3023
218.745 146.5 28.2922 3035
231.776 142.589 20.132 3044
232.444 141.542 21.1618 3048
231.399 141.068 19.6261 3049
227.895 149.237 17.1018 3050
227.195 147.74 17.0625 3052
213.352 123.412 27.843 3061
213.329 123.18 26.7661 3062
216.02 136.893 26.1402 3064
215.828 135.586 26.5787 3065
228.77 133.254 28.7115 3073
229.034 132.25 28.4784 3074
215.766 125.203 30.6595 3076
216.407 125.006 30.9533 3077
216.165 125.748 30.7323 3079
221.575 122.437 27.5601 3107
221.508 122.167 26.4209 3108
221.507 121.56 27.2361 3109
222.618 131.132 29.1263 3111
222.785 130.619 28.1665 3112
219.057 123.88 22.7366 3113
218.896 125.201 22.5349 3114
219.923 124.84 22.9046 3115
234.001 132.728 26.8832 3127
226.579 135.368 29.7448 3133
232.007 144.401 20.626 3138
230.894 143.929 19.1395 3140
219.003 140.133 29.7796 3142
218.334 141.301 28.9558 3143
217.764 139.911 28.6789 3145
221.367 126.371 24.079 3147
220.68 125.715 23.3272 3148
220.657 126.793 23.1497 3150
214.708 131.569 24.9253 3152
214.129 122.917 29.9861 3166
222.56 135.072 31.001 3178
222.972 149.444 30.7592 3182
225.168 149.654 30.8229 3183
220.198 131.144 21.1588 3185
216.105 138.002 25.0432 3187
216.436 139.156 23.9295 3188
221.489 125.994 28.5279 3191
223.88 131.558 24.4451 3194
225.014 131.8 24.5986 3195
224.051 131.588 25.5573 3197
223.96 140.246 17.9943 3200
225.608 141.269 17.7075 3201
225.518 139.487 18.0297 3202
225.364 137.634 30.7622 3220
223.881 137.617 31.0366 3221
224.612 136.363 30.7599 3223
221.398 136.228 31.1088 3231
216.732 141.745 24.9998 3237
216.974 142.06 26.48 3238
223.952 135.202 30.6803 3242
221.106 131.265 21.4705 3256
221.884 132.083 21.3112 3257
222.099 131.317 22.185 3259
217.923 137.694 29.3396 3262
218.455 136.4 30.1152 3263
218.995 137.443 30.2643 3265
221.246 123.916 28.9152 3267
231.264 127.624 29.0983 3270
230.333 127.297 28.797 3271
215.522 134.785 25.9427 3278
226.233 135.153 19.0695 3286
225.128 133.397 28.9246 3301
226.32 133.474 28.5482 3302
225.831 134.321 29.421 3304
230.073 145.843 28.8663 3306
232.857 141.719 22.5935 3311
232.791 142.998 23.7694 3312
225.923 131.386 23.973 3324
221.977 130.514 22.9625 3326
222.005 129.953 23.6008 3327
221.462 129.813 22.9037 3328
217.039 121.874 23.1256 3337
215.95 122.044 23.4021 3338
216.385 121.114 23.3808 3339
215.024 122.306 23.887 3344
220.57 130.19 21.7972 3348
228.784 129.026 20.5864 3352
229.887 128.827 19.9942 3353
232.717 139.025 21.2654 3356
232.869 140.232 21.9038 3357
233.224 139.213 22.6717 3358
228.102 133.628 19.317 3360
228.571 134.62 19.0185 3361
214.02 123.689 29.5781 3364
217.742 142.593 27.8788 3377
217.322 143.636 26.7619 3378
236.685 124.246 26.6871 3382
236.431 123.496 27.4531 3383
229.981 123.982 21.4588 3385
227.735 131.364 20.4758 3390
222.481 144.236 17.4969 3397
227.429 128.751 24.7024 3398
215.268 129.432 29.2758 3408
231.659 133.639 19.6454 3409
231.025 134.386 19.4196 3410
217.559 143.442 21.341 3421
220.521 137.498 30.8817 3431
219.765 138.856 30.4593 3432
220.351 125.277 30.1019 3443
229.29 143.19 29.5676 3455
228.595 142.023 29.9638 3456
229.812 142.057 29.234 3458
235.856 125.497 22.28 3475
235.265 125.179 21.6357 3476
216.469 133.378 22.0804 3478
215.847 133.517 23.0489 3479
233.126 132.503 27.8829 3484
232.048 132.167 28.6076 3485
218.265 137.688 20.6023 3486
219.392 138.28 19.7383 3487
220.318 148.176 29.6328 3489
218.201 129.496 30.9176 3502
214.161 122.575 24.6419 3505
214.383 121.555 24.416 3506
221.694 126.099 24.9686 3507
216.257 132.079 29.4533 3514
215.796 130.942 29.4058 3516
227.577 130.061 26.1856 3525
214.093 128.684 26.9792 3527
214.179 129.341 26.3034 3528
214.053 128.552 26.1839 3530
233.185 140.215 24.6032 3531
232.548 144.84 24.7653 3532
232.622 144.911 22.825 3533
218.912 127.601 30.8936 3543
230.209 152.07 18.093 3548
228.947 151.989 17.2056 3549
229.635 153.14 17.5213 3552
234.71 133.349 23.5827 3554
231.934 144.464 26.6648 3569
231.667 143.077 27.342 3575
216.643 134.013 29.1128 3586
229.377 130.487 28.3141 3597
225.685 146.379 30.8269 3600
230.371 140.724 28.8311 3610
227.768 141.105 30.3262 3612
227.185 142.238 30.5298 3614
216.815 142.611 24.1117 3621
217.158 137.068 21.79 3626
218.877 125.523 30.9317 3630
220.777 124.375 23.7539 3635
213.576 123.593 28.6737 3641
213.351 122.635 28.5082 3642
219.223 147.435 28.7398 3644
223.901 134.678 19.6156 3645
216.504 123.744 31.2379 3650
215.829 123.08 31.3083 3652
232.633 124.815 20.6877 3655
233.805 124.958 20.9149 3656
226.793 130.45 23.1378 3659
233.621 127.287 20.7871 3661
228.181 146.232 17.5293 3662
230.184 146.917 18.4749 3663
228.568 138.148 18.3402 3671
227.165 138.964 18.1082 3672
216.987 153.575 22.7198 3676
221.8 133.092 20.5765 3683
218.235 140.689 20.392 3686
219.526 139.76 19.444 3687
218.064 129.07 21.5573 3693
213.952 125.617 25.3874 3694
213.907 126.606 25.6349 3695
228.279 124.048 24.006 3701
230.948 141.887 28.2723 3702
214.958 125.26 30.1306 3709
219.001 151.176 28.2924 3712
219.579 149.872 28.9691 3713
218.391 152.621 27.422 3715
217.877 153.922 26.4822 3716
223.734 135.757 19.1471 3725
221.466 128.331 23.671 3727
221.925 129.059 24.1435 3728
217.157 131.08 21.5094 3729
221.699 127.068 28.3795 3730
234.794 123.228 28.9522 3731
231.968 126.82 29.1866 3738
229.235 129.692 28.1219 3742
229.841 129.007 28.5314 3744
226.577 143.872 30.7004 3753
220.977 128.457 29.8879 3768
227.136 152.787 30.3473 3784
228.68 122.31 24.1712 3787
229.065 122.32 23.1164 3788
229.089 121.479 23.691 3789
223.059 153.024 16.2578 3794
217.563 145.058 26.7185 3796
218.555 126.207 22.3029 3801
226.394 145.886 17.0946 3803
225.666 144.583 17.2165 3804
223.347 133.954 30.4952 3816
222.746 132.86 30.3313 3817
213.251 122.165 26.4417 3818
221.953 142.992 30.8419 3821
220.293 142.935 30.2103 3826
214.309 130.143 26.7252 3829
220.212 124.263 30.2429 3833
233.894 132.862 21.3628 3837
217.583 141.324 21.2805 3841
217.592 146.314 26.3321 3843
217.812 147.648 26.5651 3844
229.66 139.629 29.3083 3848
232.409 148.754 24.3399 3854
231.901 149.721 25.8243 3855
221.707 134.321 19.9491 3869
221.546 135.43 19.5576 3870
236.253 123.777 22.5 3874
236.612 123.205 22.9411 3875
236.813 123.984 23.4987 3876
228.452 131.788 28.0271 3877
225.223 152.72 30.8546 3883
224.009 154.286 30.9266 3884
222.811 152.704 30.7276 3887
216.397 132.91 29.2767 3892
214.43 129.962 24.9611 3895
214.282 130.009 25.9292 3896
231.971 139.181 27.4572 3901
232.711 138.904 26.4642 3902
229.657 125.465 21.141 3909
230.191 126.02 20.7115 3910
218.814 145.223 28.617 3920
217.086 143.374 22.7283 3923
213.831 125.451 28.3833 3925
214.317 125.537 29.2644 3926
214.878 127.129 29.4546 3932
214.783 126.251 29.638 3933
217.442 126.428 30.9825 3936
223.8 140.248 31.0878 3940
234.689 129.785 21.7219 3951
229.567 144.438 29.3415 3952
228.345 144.402 30.0668 3953
228.935 126.737 27.5651 3957
234.44 126.395 28.5141 3959
222.989 138.897 31.115 3961
222.235 137.63 31.1199 3962
226.5 133.751 19.6619 3965
227.079 132.658 20.0759 3967
217.295 149.837 24.9062 3968
228.043 130.275 27.0345 3979
228.684 130.198 27.7327 3980
228.048 131.033 27.354 3982
216.927 143.837 23.8535 3985
227.556 127.76 24.3598 3991
227.697 126.738 24.0222 3992
235.802 123.86 21.9714 4005
217.954 127.231 22.0403 4006
216.862 127.343 22.2173 4007
228.983 143.234 18.0255 4008
219.262 122.933 23.0936 4016
219.851 122.278 23.8015 4017
219.106 121.675 23.5703 4018
230.458 147.282 28.3508 4030
229.119 147.098 29.4735 4031
230.863 144.617 28.1685 4042
228.383 139.782 29.986 4047
232.01 138.727 20.2037 4048
230.836 138.19 19.2878 4049
231.19 139.487 19.4642 4050
223.517 131.524 23.6401 4052
235.026 131.443 22.739 4053
235.359 130.825 23.2557 4055
235.684 130.395 24.1056 4057
235.755 130.147 24.9214 4058
236.986 124.35 24.4537 4062
237.175 123.511 25.2778 4063
236.144 127.644 25.7558 4065
228.027 127.347 22.1573 4072
229.577 127.02 28.2545 4073
220.645 147.031 29.9186 4074
227.34 136.358 29.8618 4075
216.404 136.232 22.8988 4079
233.827 130.396 27.9785 4080
229.463 137.322 29.3229 4088
228.048 129.178 26.6721 4091
215.106 133.126 26.017 4134
216.859 129.18 30.6252 4137
215.808 128.916 30.0231 4138
228.255 150.626 17.045 4140
226.903 145.122 30.5875 4143
218.263 151.444 19.2454 4145
217.156 133.483 29.854 4178
217.417 135.612 29.413 4189
231.939 132.763 19.6996 4190
233.137 132.69 20.4745 4191
232.615 131.723 19.9593 4192
232.298 151.744 21.4848 4197
232.439 150.305 22.5741 4199
221.333 124.933 28.7405 4204
219.726 125.939 30.5966 4207
218.189 133.935 30.4823 4210
217.5 122.565 22.9063 4212
217.278 123.532 22.7936 4213
230.862 123.559 21.1608 4218
231.629 122.888 21.0669 4219
215.892 127.579 22.7146 4223
233.132 136.909 26.3154 4224
229.244 149.508 17.6993 4230
213.943 127.627 25.8607 4244
228.308 134.221 28.9941 4245
229.31 151.263 29.0681 4246
218.458 144.055 19.8509 4249
219.041 126.545 30.8761 4253
219.134 128.683 30.8743 4257
229.327 124.686 21.655 4260
236.384 125.641 26.5375 4267
236.738 125.143 25.8942 4268
214.562 124.329 24.2271 4271
220.195 145.331 29.8138 4273
230.467 134.849 19.2318 4276
228.729 149.907 29.5391 4278
230.207 140.531 18.7316 4286
221.065 149.46 30.0682 4287
216.042 136.775 24.2256 4288
228.421 123.249 24.7174 4290
228.245 124.188 25.1423 4291
215.284 133.874 25.6189 4294
215.124 133.107 25.0734 4295
234.449 131.044 21.6637 4302
214.035 123.625 24.8797 4309
215.727 134.256 23.616 4317
227.593 151.717 16.5958 4322
226.793 153.032 16.2901 4323
234.45 133.256 22.4471 4331
234.396 134.191 23.0093 4332
221.673 123.63 27.4053 4334
221.706 123.93 26.4949 4335
230.889 139.463 28.47 4337
230.737 129.73 19.6464 4341
231.231 128.61 19.7973 4343
230.673 148.983 18.7539 4346
232.661 136.635 27.1993 4351
228.019 148.367 30.0184 4352
220.86 124.628 29.5365 4357
220.689 123.299 24.132 4359
227.586 133.491 28.586 4360
217.997 132.819 30.61 4365
228.881 141.311 18.1248 4369
220.585 133.499 31.0583 4376
220.14 132.305 30.9975 4377
221.529 132.61 30.7819 4379
232.376 128.524 20.0819 4383
222.537 148.425 16.9497 4388
231.522 136.332 19.7228 4395
229.961 152.706 28.4365 4398
230.478 154.052 27.8608 4399
231.002 132.656 19.3965 4401
222.736 131.375 22.805 4403
221.531 123.031 28.2186 4405
227.978 154.229 29.9862 4416
228.645 152.716 29.5349 4417
235.027 124.484 21.4228 4418
234.584 124.914 21.2188 4419
230.462 135.806 19.2003 4423
230.733 136.895 19.281 4424
220.582 136.17 19.5766 4429
222.235 131.719 30.0723 4432
217.556 139.74 21.2769 4434
221.632 125.038 25.2669 4442
221.581 123.951 25.6199 4443
221.292 124.192 24.6823 4444
222.365 139.443 18.4236 4445
230.747 129.338 28.8744 4448
233.14 137.971 25.8597 4452
218 127.181 30.9765 4454
222.583 129.905 25.1411 4457
218.688 120.941 23.6154 4462
217.974 121.692 23.1886 4463
217.755 149.892 26.306 4478
227.095 149.72 30.371 4479
230.331 122.12 28.3706 4481
221.229 141.573 30.7452 4486
228.151 130.17 20.7487 4487
213.989 124.623 25.1554 4497
224.309 132.557 28.506 4498
215.338 133.139 24.0623 4500
215.051 132.415 24.452 4501
218.858 131.989 30.9392 4504
233.241 139.045 25.1657 4506
231.675 130.672 19.6278 4507
221.136 122.062 29.1639 4516
216.894 124.48 31.1547 4517
219.176 127.148 22.2488 4519
228.114 125.179 25.4757 4521
227.848 125.957 24.7729 4523
221.682 125.292 27.8188 4532
221.175 122.726 29.078 4540
220.956 127.984 23.1666 4542
221.062 128.841 22.9831 4543
219.433 134.655 30.8796 4547
230.176 126.293 28.6867 4557
227.358 136.09 18.6901 4560
218.15 122.87 31.3409 4561
220.875 129.495 22.4735 4564
227.49 146.912 30.321 4566
232.408 148.335 22.0768 4568
222.281 129.845 24.2851 4569
232.485 122.085 21.0151 4570
235.687 129.838 25.7228 4577
232.333 146.269 21.5619 4582
229.988 125.374 28.5335 4587
228.117 137.485 29.8435 4590
216.72 135.029 28.8022 4592
226 151.2 30.678 4593
231.609 147.817 19.9508 4594
218.827 153.21 18.3814 4595
234.385 132.063 21.8726 4602
230.397 121.659 21.9411 4603
220.824 134.95 31.0928 4604
231.531 127.574 20.1237 4606
219.521 142.953 19.0117 4610
220.768 138.974 18.9756 4611
223.978 143.43 17.4066 4612
228.59 135.561 18.8463 4614
229.599 135.419 18.9922 4615
226.836 137.534 30.3141 4620
236.04 126.137 26.9795 4624
228.054 128.218 26.3859 4628
215.055 131.565 23.9495 4629
230.917 150.389 18.9015 4631
231.407 151.56 19.4316 4633
231.961 153.407 20.4561 4636
217.429 123.725 31.2818 4646
218.18 145.418 27.7245 4651
215.204 133.024 26.9525 4668
220.118 128.061 30.5257 4669
222.12 127.599 27.298 4672
232.98 123.921 29.3634 4674
221.281 122.201 25.5643 4683
220.686 121.093 25.0076 4684
230.808 125.655 28.9959 4690
220.439 140.219 30.599 4692
222.157 140.258 31.0111 4694
221.526 123.061 25.8703 4698
232.448 122.697 29.3944 4710
222.027 151.155 30.5114 4717
216.951 124.505 22.7283 4720
233.348 139.245 23.9286 4721
228.394 136.869 18.5744 4729
228.596 122.443 25.3188 4744
228.984 121.639 26.1873 4745
217.657 125.306 22.4662 4747
230.818 126.827 20.3338 4754
225.727 143.179 17.4364 4755
227.283 142.455 17.6867 4756
229.757 137.666 18.8076 4765
236.046 126.999 26.4789 4768
231.656 125.715 29.227 4799
220.095 127.343 22.631 4805
2 0 1 4720 2823 4747 
4 5 3 4053 1097 4055 
4 3 6 4055 4057 2858 
6 3 7 4057 2953 4058 
2 1 8 4747 3801 3114 
10 11 9 3337 3339 3338 
10 9 12 3338 3344 2210 
14 15 13 1895 4072 1532 
16 17 2 4016 2167 3113 
12 18 0 4271 2688 2207 
21 19 20 4383 2031 1044 
22 13 15 1282 4072 1354 
22 15 23 1354 1355 1357 
24 1 0 2822 2823 2690 
0 18 24 2688 969 2690 
27 25 26 2808 2360 1562 
25 27 28 2808 3358 4721 
16 2 8 3113 3114 3115 
12 0 10 2207 2208 2210 
0 2 10 4720 4213 2208 
4 20 29 3951 2029 4302 
19 29 20 2028 2029 2031 
31 27 30 3356 2396 4048 
27 31 28 3356 3357 3358 
34 32 33 2527 2383 3957 
35 12 9 3505 3344 3506 
37 36 34 4091 4628 1552 
34 38 32 2524 2525 2527 
40 41 39 4442 4443 4444 
38 14 13 3991 1532 3992 
43 44 42 3502 2942 4137 
18 45 24 966 967 969 
46 4 6 2857 2858 2860 
46 20 4 775 3951 2857 
36 38 34 1707 2524 4628 
36 14 38 3398 3991 1707 
28 31 47 3357 3048 3311 
34 48 37 1549 1550 1552 
49 37 48 3742 1550 3744 
33 48 34 4073 1549 3957 
50 51 47 3532 3312 3533 
28 47 51 3311 3312 2949 
52 49 48 4448 3744 2733 
53 54 55 3940 2286 1657 
39 41 56 4443 4335 4698 
59 57 58 2014 3768 4669 
60 61 62 3143 1431 3377 
63 64 65 4620 4075 4590 
50 47 66 3533 3138 4582 
68 69 67 3883 3884 3887 
42 44 70 2942 2943 2945 
72 67 71 2453 2454 2457 
74 52 73 2267 2268 2270 
23 75 19 3353 4341 4343 
21 23 19 4606 4343 4383 
74 73 76 2270 4080 2190 
39 77 16 2355 4017 4359 
78 72 79 4287 3713 3489 
83 81 82 2146 4399 4398 
84 7 3 2533 2953 1100 
84 76 7 2530 2531 2533 
77 11 17 4462 4463 4018 
17 16 77 4016 4017 4018 
69 85 82 3784 4417 4416 
53 86 54 4694 3961 3940 
87 88 49 2404 3597 1667 
68 67 72 3887 2453 4717 
68 72 78 4717 4287 3182 
18 89 45 3694 3695 966 
57 59 90 2014 2015 2017 
59 91 90 4207 3443 2015 
92 61 60 3142 3143 3145 
3 5 84 1097 1098 1100 
17 10 2 4212 4213 2167 
17 11 10 4463 3337 4212 
68 85 69 4593 3784 3883 
92 86 61 3432 4692 3142 
53 61 86 4486 4692 4694 
16 8 40 3115 3148 3635 
40 39 16 4444 4359 3635 
74 49 52 1668 4448 2267 
87 49 74 1667 1668 1670 
74 76 93 2190 3484 3485 
74 93 87 3485 2765 1670 
55 94 53 2391 2392 1657 
4 29 5 4302 4602 4053 
13 95 38 1362 4523 3992 
85 83 82 4246 4398 4417 
96 97 98 3965 2598 3286 
99 12 35 4309 3505 2458 
58 57 100 3768 870 2445 
60 101 102 1537 1538 1540 
77 39 103 2355 4683 4684 
105 106 104 4745 1729 4744 
109 107 108 2816 928 782 
110 54 86 3221 3961 3962 
31 30 111 4048 4049 4050 
99 35 112 2458 3818 3062 
53 94 113 2392 2399 3821 
113 94 78 2399 2400 2402 
39 56 103 4698 3108 4683 
115 93 116 1906 1502 841 
60 102 92 1540 999 3145 
95 32 38 4521 2525 4523 
32 95 104 4521 4291 1774 
99 18 12 4497 4271 4309 
18 99 89 4497 1571 3694 
117 118 97 1404 1405 1060 
83 85 119 4246 4278 700 
122 120 121 2628 2834 2835 
123 124 125 2427 2428 2430 
126 127 128 1879 3652 3650 
130 131 129 984 3729 692 
130 132 131 981 982 984 
110 134 133 3178 3816 3242 
136 118 135 2009 3257 3683 
142 140 141 2797 2798 2800 
143 144 145 3152 874 2045 
116 147 146 2702 4224 4351 
66 47 148 3138 3044 3140 
134 149 150 4376 4377 4379 
151 102 101 3187 1538 3188 
152 86 92 3431 3432 3265 
153 125 124 4592 2428 3586 
154 46 6 1234 2860 2911 
59 58 43 4669 4257 3543 
43 58 44 4257 2964 3502 
148 31 111 3049 4050 4286 
148 47 31 3044 3048 3049 
66 155 156 1204 3662 3663 
144 132 130 4629 981 1715 
133 64 110 1017 3223 3242 
64 54 110 3220 3221 3223 
97 118 136 1405 2009 2011 
136 98 97 3645 2598 2011 
24 161 1 4223 4007 2822 
162 1 161 4006 4007 2916 
149 44 150 4504 2963 4377 
151 101 163 3188 1222 1803 
152 153 149 2671 4210 4547 
152 149 134 4547 4376 4604 
110 152 134 3231 4604 3178 
152 110 86 3231 3962 3431 
150 58 100 2966 2445 2507 
150 44 58 2963 2964 2966 
115 164 65 2940 4088 2100 
161 130 129 691 692 694 
109 108 165 782 1275 3397 
115 146 164 2938 2939 2940 
116 146 115 4351 2938 841 
108 166 165 2433 2434 1275 
133 168 169 3301 3302 3304 
170 14 36 2768 3398 2886 
171 79 172 1111 1409 4478 
173 174 29 4190 4191 4192 
175 125 153 1776 4592 4189 
152 175 153 3263 4189 2671 
65 164 63 4088 1117 4590 
145 144 176 874 3895 3896 
70 153 124 4178 3586 3892 
177 124 123 2603 2427 4668 
179 180 178 2618 4603 2350 
180 179 181 2618 4218 4219 
46 154 182 1234 1235 1237 
46 182 183 1237 1493 776 
184 172 71 1956 3715 3716 
156 155 166 3662 3803 3052 
42 70 185 2945 3514 3516 
21 183 186 3661 1218 823 
119 187 83 697 698 700 
68 188 85 3183 4479 4593 
188 119 85 4352 4278 4479 
189 133 134 2698 3816 3817 
189 168 133 4498 3301 2698 
92 175 152 3262 3263 3265 
8 1 162 3801 4006 4519 
50 187 191 2829 2830 2832 
119 191 187 4030 2830 697 
177 123 143 4668 4134 2048 
143 145 177 2045 2046 2048 
192 182 154 2417 1235 890 
193 115 65 1903 2100 2102 
194 118 117 4403 1404 4052 
148 111 195 4286 2607 4369 
125 175 102 1776 1777 1779 
102 175 92 1777 3262 999 
57 196 100 867 868 870 
144 143 132 3152 4501 4629 
197 198 199 3455 3456 3458 
133 169 64 3304 3133 1017 
169 65 64 2467 4075 3133 
201 202 200 2055 4323 4322 
204 182 203 2254 3475 3476 
206 42 205 4138 3408 2520 
206 43 42 3020 4137 4138 
20 46 183 775 776 778 
20 183 21 778 3661 1044 
72 71 172 2457 3715 3712 
72 172 79 3712 1409 3713 
188 78 94 932 2400 3600 
68 78 188 3182 932 3183 
149 70 44 4365 2943 4504 
70 149 153 4365 4210 4178 
189 150 100 4432 2507 3111 
134 150 189 4379 4432 3817 
171 207 79 3844 1990 1111 
66 148 155 3140 4008 1204 
148 195 155 4369 4756 4008 
208 97 96 3967 3965 3360 
55 199 198 3612 3456 3614 
165 166 155 2434 3803 3804 
144 130 215 1715 994 1716 
75 216 208 4487 3390 2034 
218 217 200 3548 3549 3552 
166 108 220 2433 4388 2704 
174 223 222 3409 3410 1909 
189 100 224 3111 3112 2451 
43 226 59 4454 4253 3543 
59 226 91 4253 3630 4207 
117 170 227 3324 1983 3195 
228 26 147 2388 2363 2389 
111 30 229 4049 4424 4765 
205 42 230 3408 1462 3014 
232 151 231 4079 3626 1057 
234 123 233 4294 3278 2227 
24 45 215 967 2243 2177 
142 141 184 2800 1957 3676 
172 184 141 1956 1957 1959 
107 237 238 4249 3421 1149 
202 220 239 2054 2372 3794 
197 240 51 3702 2894 3575 
241 242 195 3200 3201 3202 
8 162 243 4519 2805 4805 
244 174 245 2493 2131 1595 
166 201 156 2703 3050 3052 
181 186 246 3655 3656 1453 
33 247 48 4557 3271 4073 
247 52 48 3270 2733 3271 
231 248 249 3486 3487 2345 
250 101 60 3237 1537 3238 
117 216 170 1063 3659 3324 
170 36 251 2886 3525 1980 
15 216 75 1897 4487 3352 
255 50 66 4568 4582 4594 
258 142 239 4145 4595 1437 
140 142 258 2797 4145 2760 
181 259 180 1451 4570 4219 
107 109 237 2816 4610 4249 
109 264 237 766 1258 4610 
265 266 267 2313 3079 2411 
226 268 91 1156 2660 3630 
170 251 227 1980 1981 1983 
227 251 168 1981 751 1487 
50 191 51 2832 3569 3532 
197 51 191 3575 3569 4042 
63 54 64 2288 3220 4620 
63 55 54 2285 2286 2288 
176 215 45 2121 2243 2244 
176 144 215 3895 1716 2121 
220 202 201 2054 2055 2057 
220 201 166 2057 2703 2704 
197 199 240 3458 3610 3702 
240 199 164 3610 3848 4337 
145 176 269 3896 3528 3829 
161 129 162 694 3693 2916 
206 266 265 2993 2313 2994 
141 140 171 2798 2744 3968 
172 141 171 1959 3968 4478 
216 97 208 1061 3967 3390 
117 97 216 1060 1061 1063 
238 140 107 2585 2586 1149 
36 37 251 4091 3979 3525 
204 183 182 1215 1493 2254 
24 215 161 2177 993 4223 
161 215 130 993 994 691 
170 216 14 3659 1793 2768 
15 14 216 1895 1793 1897 
123 234 143 4294 4295 4134 
220 258 239 2371 1437 2372 
108 258 220 926 2371 4388 
107 258 108 925 926 928 
107 140 258 2586 2760 925 
246 259 181 847 1451 1453 
263 259 246 846 847 849 
240 164 146 4337 2939 3901 
213 268 128 2661 4646 4561 
224 100 196 3112 868 2824 
189 224 168 2451 1488 4498 
240 146 273 3901 3902 2896 
63 164 199 1117 3848 4047 
63 199 55 4047 3612 2285 
255 66 156 4594 3663 4346 
213 91 268 2659 2660 2661 
225 192 138 4062 2761 4063 
23 15 75 1355 3352 3353 
241 274 249 798 799 801 
232 131 132 3478 982 3479 
196 120 122 2627 2628 2630 
55 198 94 3614 3753 2391 
162 275 243 2803 2804 2805 
241 276 98 2366 2367 2369 
73 277 278 1004 1005 1007 
33 32 279 2383 1192 2385 
125 233 123 3065 3278 2430 
195 276 241 3672 2366 3202 
280 281 266 3926 3709 3933 
263 283 225 3874 3876 3875 
174 222 245 1909 2129 2131 
285 284 277 1628 1633 3959 
286 138 192 3382 2761 4268 
287 169 168 4360 3302 754 
288 147 116 2737 2702 1505 
178 289 179 3788 1401 2350 
243 291 290 4564 3328 4543 
197 292 198 3952 3953 3455 
96 229 293 4614 4615 3361 
208 96 293 3360 3361 1140 
294 235 285 4674 2794 1820 
285 235 139 2794 3731 2159 
7 295 6 4577 2913 4058 
295 154 6 2910 2911 2913 
273 146 25 3902 4452 4506 
279 106 256 1731 4481 878 
228 84 5 2093 1098 3554 
296 62 113 3920 2298 4273 
56 297 103 3107 3109 3108 
120 41 40 1034 4442 3507 
266 126 267 3076 3077 3079 
295 298 154 1584 4065 2910 
296 78 79 4074 3489 3644 
113 78 296 2402 4074 4273 
173 223 174 4401 3409 4190 
75 208 173 2034 2035 2037 
171 299 207 2747 3843 3844 
91 300 90 3833 4357 3443 
301 90 300 4204 4357 3267 
302 122 194 4457 4569 2512 
290 194 122 3327 4569 3728 
169 193 65 4245 2102 2467 
136 274 98 2066 3725 3645 
98 274 241 3725 798 2369 
263 246 203 849 4418 4005 
203 283 263 920 3874 4005 
207 299 62 3843 3796 4651 
177 185 124 1496 2602 2603 
70 124 185 3892 2602 3514 
218 210 255 4636 4197 4633 
173 208 223 2035 1139 4401 
303 210 81 835 836 839 
255 210 303 4197 835 4199 
145 230 177 2490 1497 2046 
232 233 151 2274 4288 4079 
13 22 304 1282 1283 1285 
13 304 95 1285 1360 1362 
305 127 281 3166 1878 3364 
112 306 99 3061 1572 3062 
306 89 99 1330 1571 1572 
119 188 292 4352 4566 4031 
109 165 242 3397 4612 763 
245 27 26 1561 1562 1564 
95 289 104 3701 4290 4291 
248 163 237 4434 3841 3686 
250 307 101 3621 1221 3237 
250 299 238 2081 1605 3985 
249 264 241 4611 4445 801 
226 267 268 1153 1154 1156 
181 179 308 4218 3385 2982 
309 205 269 2869 3012 3527 
265 267 226 2411 1153 3936 
245 26 244 1564 1593 1595 
203 246 204 4418 4419 3476 
234 233 232 2227 2274 4317 
121 120 40 2834 3507 3147 
310 285 277 1821 3959 1727 
25 28 273 4721 3531 4506 
217 255 156 4631 4346 4230 
217 218 255 3548 4633 4631 
238 237 307 3421 2124 3923 
238 307 250 3923 3621 3985 
311 129 131 1458 3729 1364 
312 22 23 3910 1357 4754 
308 22 312 3909 3910 2984 
301 56 41 4334 4335 1799 
243 275 291 2804 3348 4564 
275 311 135 1456 789 3185 
7 278 295 2987 2291 4577 
309 45 89 4244 3695 3009 
313 57 90 3730 2017 3191 
196 57 313 867 3730 4672 
231 249 314 2345 4429 1858 
231 314 315 1858 1859 1054 
283 192 225 2415 4062 3876 
287 88 87 3877 2404 3074 
76 84 288 2530 2091 3127 
275 135 291 3185 3256 3348 
256 316 279 1448 1449 878 
316 33 279 4587 2385 1449 
37 49 88 3742 3597 3980 
251 37 88 3979 3980 3982 
5 244 228 4331 4332 3554 
228 244 26 4332 1593 2388 
113 61 53 3826 4486 3821 
113 62 61 2298 1431 3826 
212 297 300 4516 4540 2221 
296 79 207 3644 1990 3035 
207 62 296 4651 3920 3035 
247 310 52 3738 2854 3270 
91 213 300 2659 2218 3833 
300 213 212 2218 2219 2221 
194 117 302 4052 3194 2512 
302 117 227 3194 3195 3197 
286 139 138 2980 3383 3382 
121 290 122 3727 3728 2835 
121 243 290 4542 4543 3727 
136 314 274 3869 3870 2066 
249 274 314 799 3870 4429 
185 177 230 1496 1497 1499 
185 230 42 1499 1462 3516 
273 51 240 2893 2894 2896 
273 28 51 3531 2949 2893 
303 81 83 839 2146 2148 
303 83 187 2148 698 3855 
145 269 230 3829 3011 2490 
230 269 205 3011 3012 3014 
308 304 22 4260 1283 3909 
308 179 304 3385 1399 4260 
289 304 179 1398 1399 1401 
304 289 95 1398 3701 1360 
306 305 281 3641 3364 2280 
306 112 305 3061 3642 3641 
188 94 292 3600 4143 4566 
94 198 292 3753 3953 4143 
195 242 155 3201 4755 4756 
165 155 242 3804 4755 4612 
206 265 43 2994 3023 3020 
43 265 226 3023 3936 4454 
183 204 186 1215 1216 1218 
186 204 246 1216 4419 3656 
234 132 143 4500 4501 4295 
232 132 234 3479 4500 4317 
60 62 250 3377 3378 3238 
250 62 299 3378 3796 2081 
280 306 281 3925 2280 3926 
280 89 306 2096 1330 3925 
187 50 303 2829 3854 3855 
255 303 50 4199 3854 4568 
26 25 147 2360 2361 2363 
25 146 147 4452 4224 2361 
281 127 126 1878 1879 1881 
126 266 281 3076 3709 1881 
307 237 163 2124 3841 885 
101 307 163 1221 885 1222 
311 131 315 1364 1365 786 
311 315 135 786 787 789 
162 129 275 3693 1457 2803 
311 275 129 1456 1457 1458 
21 186 312 823 2235 2236 
312 23 21 4754 4606 2236 
312 186 181 2235 3655 2981 
312 181 308 2981 2982 2984 
301 41 313 1799 1032 4532 
301 313 90 4532 3191 4204 
98 276 96 2367 4560 3286 
96 276 229 4560 4729 4614 
76 73 278 4080 1007 2986 
76 278 7 2986 2987 2531 
279 104 106 1728 1729 1731 
32 104 279 1774 1728 1192 
309 89 280 3009 2096 2870 
280 205 309 2500 2869 2870 
309 176 45 3530 2244 4244 
309 269 176 3527 3528 3530 
173 19 75 4507 4341 2037 
173 29 19 4192 2028 4507 
151 233 102 4288 3064 3187 
125 102 233 1779 3064 3065 
120 313 41 1031 1032 1034 
196 313 120 4672 1031 2627 
136 135 314 3683 1696 3869 
135 315 314 787 1859 1696 
276 111 229 3671 4765 4729 
111 276 195 3671 3672 2607 
280 206 205 3932 2520 2500 
206 280 266 3932 3933 2993 
288 93 76 1503 3484 3127 
116 93 288 1502 1503 1505 
192 283 182 2415 2416 2417 
203 182 283 3475 2416 920 
27 245 30 1561 2395 2396 
222 30 245 4395 2395 2129 
168 251 287 751 752 754 
287 251 88 752 3982 3877 
241 264 242 4445 764 3200 
109 242 264 763 764 766 
104 289 105 4290 3787 4744 
105 289 178 3787 3788 3789 
292 191 119 3306 4030 4031 
197 191 292 4042 3306 3952 
147 288 228 2737 2090 2389 
228 288 84 2090 2091 2093 
154 298 318 4065 4768 891 
192 154 318 890 891 893 
192 318 286 893 4267 4268 
284 286 318 1870 4267 4624 
291 194 290 3326 3327 3328 
169 287 193 4360 3073 4245 
87 193 287 2865 3073 3074 
294 285 310 1820 1821 1823 
223 208 293 1139 1140 1142 
223 293 222 1142 4276 3410 
248 237 264 3686 1258 3687 
248 264 249 3687 4611 3487 
300 297 301 4540 4405 3267 
56 301 297 4334 4405 3107 
285 139 284 2159 2160 1628 
139 286 284 2980 1870 2160 
316 247 33 4690 4557 4587 
298 278 277 1757 1005 1636 
295 278 298 2291 1757 1584 
115 193 93 1903 1904 1906 
87 93 193 2765 1904 2865 
277 284 298 1633 1634 1636 
284 318 298 4624 4768 1634 
151 163 248 1803 4434 1885 
231 151 248 3626 1885 3486 
52 310 73 2854 2855 2268 
277 73 310 1004 2855 1727 
171 140 299 2744 2745 2747 
238 299 140 1605 2745 2585 
244 29 174 3837 4191 2493 
5 29 244 4602 3837 4331 
256 235 294 4710 4674 2282 
316 256 294 1448 2282 2283 
217 201 200 4140 4322 3549 
201 217 156 4140 4230 3050 
231 315 232 1054 1055 1057 
232 315 131 1055 1365 3478 
8 243 121 4805 4542 3150 
121 40 8 3147 3148 3150 
291 118 194 3259 4403 3326 
291 135 118 3256 3257 3259 
268 267 126 1154 3077 4517 
268 126 128 4517 3650 4646 
227 168 224 1487 1488 1490 
224 302 227 1847 3197 1490 
222 293 229 4276 4615 4423 
222 229 30 4423 4424 4395 
294 310 247 1823 3738 4799 
316 294 247 2283 4799 4690 
302 196 122 2826 2630 4457 
302 224 196 1847 2824 2826 
