215.694 133.684 23.4148 
216.027 131.312 22.3885 
214.78 133.866 23.0077 
214.834 132.062 25.0038 
217.121 128.441 21.9188 
216.812 128.268 20.9968 
215.293 131.349 21.7092 
216.653 139.675 23.2533 
215.935 142.959 23.2498 
216.915 142.891 23.4067 
216.888 141.655 26.3155 
221 127.884 21.8612 
220.406 128.145 22.6424 
218.619 125.639 21.3941 
235.196 130.942 22.8731 
235.278 128.077 22.1252 
236.086 131.146 22.4987 
236.062 128.195 21.4972 
218.765 137.01 20.2794 
216.27 136.215 23.1914 
218.228 136.925 19.4641 
215.359 136.355 22.8225 
228.197 134.494 30.1524 
228.782 139.168 30.8532 
228.104 134.814 29.2076 
231.099 137.151 28.4922 
215.933 141.79 26.5501 
215.251 138.125 26.3852 
214.548 135.032 25.7441 
222.773 135.824 19.2492 
221.441 132.827 20.6744 
224.662 133.202 20.6052 
224.509 132.52 19.8918 
216.896 133.616 20.4151 
217.474 133.601 21.2038 
223.288 131.337 30.2816 
222.639 131.767 29.6987 
225.248 132.962 29.9741 
221.669 135.865 31.1229 
215.71 139.781 23.0041 
215.298 125.505 31.477 
213.867 127.742 29.5618 
215.741 125.302 30.626 
214.676 127.553 29.0223 
226.714 128.278 22.2439 
228.005 129.81 19.619 
227.626 128.545 22.5444 
228.557 130.111 20.406 
218.506 125.826 22.3717 
214.803 126.284 22.4894 
215.438 126.355 23.2357 
217.511 145.581 21.5072 
217.952 148.98 18.3462 
216.578 145.557 21.1701 
220.832 144.152 16.9796 
217.613 153.874 25.8757 
217.409 153.409 20.645 
216.67 153.89 26.2001 
216.091 149.514 23.5922 
219.308 130.26 20.2317 
219.218 130.544 21.1604 
217.083 149.521 23.5452 
217.902 149.162 28.5597 
234.049 135.339 27.4 
234.087 135.7 24.4185 
235.055 135.957 24.5257 
234.151 138.844 25.6498 
222.713 129.874 22.6458 
222.004 130.402 23.1181 
221.629 139.511 18.594 
224.515 137.87 18.4372 
225.046 140.884 17.7656 
224.41 137.636 17.4596 
227.357 137.949 18.2645 
227.409 137.773 17.2911 
230.795 137.725 19.2833 
231.29 137.684 18.4204 
218.905 144.129 28.9546 
218.26 138.939 29.3819 
218.187 144.264 29.6327 
217.586 139.096 30.0711 
218.506 130.166 31.9144 
218.566 130.162 30.9359 
221.579 129.875 31.1289 
221.039 130.113 30.3023 
215.514 134.799 25.7127 
226.716 127.367 25.2052 
227.674 127.521 25.0184 
218.633 125.125 31.0026 
220.99 124.593 29.3465 
219.497 122.639 30.9057 
220.015 122.712 31.7992 
221.914 126.533 27.3753 
222.205 129.227 28.2473 
222.9 126.401 27.5386 
223.086 128.92 28.5913 
231.947 127.775 30.1148 
231.953 127.687 29.1287 
234.635 129.311 28.9587 
234.07 129.109 28.169 
229.555 124.452 27.9599 
228.652 126.871 27.2157 
228.837 124.347 28.6443 
227.839 126.791 27.78 
233.225 138.684 25.3725 
233.294 136.991 21.9155 
231.503 129.623 19.6565 
229.861 126.872 20.5858 
233.211 131.899 20.4484 
233.832 131.981 19.6892 
230.202 132.275 19.3443 
230.22 132.153 18.3722 
233.349 148.212 24.8404 
232.666 143.401 24.7611 
232.382 148.155 24.6249 
230.789 145.914 28.1485 
234.265 132.304 28.3046 
235.395 130.393 26.032 
236.268 130.672 26.3819 
233.423 140.725 20.8103 
234.179 137.164 21.5132 
231.814 125.051 29.2803 
229.605 126.528 29.5123 
231.637 125.086 30.268 
216.496 133.082 30.7761 
217.097 132.871 30.0095 
212.903 126.786 25.6526 
213.842 126.692 25.8655 
213.86 129.232 23.5201 
215.941 123.565 22.1159 
217.184 120.759 22.3864 
216.321 123.688 23.049 
219.795 123.194 23.3269 
234.216 134.017 22.2821 
235.103 134.227 21.9046 
234.523 129.599 20.1107 
225.018 140.701 16.7783 
221.193 144.278 17.8915 
226.76 144.735 16.3205 
226.609 144.868 17.2955 
233.108 127.338 20.5608 
232.269 124.609 20.6953 
233.485 127.26 19.6299 
232.267 124.467 19.6965 
234.705 133.186 25.1152 
233.246 135.121 26.8518 
235.622 133.488 25.3336 
221.398 125.915 24.2767 
222.267 125.766 23.8129 
221.675 123.803 26.2575 
222.672 123.71 26.1454 
235.941 127.419 26.4763 
236.834 127.635 26.8781 
222.179 128.508 25.303 
223.09 130.01 23.4814 
228.921 135.043 18.9519 
228.994 134.871 17.9763 
228.611 143.478 31.0571 
227.134 148.55 30.3867 
227.499 148.578 31.3179 
224.143 130.969 22.737 
217.239 145.61 25.472 
216.272 145.707 25.6693 
237.471 126.394 23.7175 
235.549 125.46 20.6581 
236.532 126.196 23.9339 
233.631 143.497 24.9429 
231.735 141.405 28.9149 
231.042 141.349 28.2084 
231.646 129.5 18.6862 
223.488 131.11 29.4541 
218.706 149.133 27.9822 
229.95 123.914 21.5007 
231.419 121.856 21.334 
231.091 121.631 20.3869 
231.636 137.219 29.3305 
221.356 139.327 17.6452 
218.175 141.517 20.4096 
228.784 149.146 17.4946 
229.223 149.041 16.5972 
228.383 139.23 29.9391 
225.44 152.905 15.1424 
223.202 148.741 15.7689 
223.353 148.858 16.7491 
212.811 125.138 28.7372 
213.741 124.952 28.4274 
232.22 153.772 24.5634 
232.151 149.939 20.9267 
233.173 153.776 24.8261 
233.069 149.909 20.565 
217.406 141.473 19.7816 
213.345 130.028 27.1752 
214.304 129.826 27.0081 
221.825 124.588 29.9063 
229.144 121.714 26.6884 
228.262 121.544 27.0998 
230.128 126.552 28.6595 
231.488 133.575 29.6638 
231.213 133.531 28.7107 
234.934 126.24 29.4246 
233.607 132.064 27.6042 
216.558 135.492 28.3835 
215.741 135.715 28.9112 
218.387 135.267 30.346 
222.286 121.862 28.946 
221.327 121.918 28.6474 
229.481 126.615 19.7238 
229.654 128.745 28.3942 
227.233 129.335 27.298 
221.57 132.318 19.853 
226.038 130.053 24.7474 
231.173 153.279 19.0242 
231.959 153.23 18.4572 
229.424 123.649 20.6843 
227.004 132.301 19.0817 
227.35 132.741 19.9063 
225.931 130.593 21.583 
218.872 125.185 31.9545 
221.15 127.425 30.9123 
217.2 127.688 30.8435 
220.531 127.535 30.1703 
222.66 135.48 18.3008 
225.775 134.987 18.1171 
228.291 124.492 25.6797 
227.353 124.323 25.939 
215.359 132.67 27.7613 
214.472 132.949 28.1294 
237.067 128.876 24.1699 
236.086 128.671 24.273 
224.096 131.885 23.0346 
228.177 125.309 22.9366 
222.308 141.427 31.9803 
222.412 141.376 30.9949 
223.007 154.281 31.5168 
222.29 154.294 30.5574 
221.97 147.095 31.6098 
222.246 147.037 30.6555 
234.996 125.399 21.476 
234.607 122.476 20.0934 
231.529 145.975 28.7975 
231.46 150.227 28.3774 
231.618 145.357 20.0067 
217.201 121.009 23.32 
213.578 124.058 26.0894 
214.419 124.506 24.4239 
212.596 124.172 25.8169 
213.607 124.52 23.8114 
218.688 149.061 18.9942 
216.955 127.771 31.7916 
215.78 130.249 29.6359 
214.131 121.624 24.6685 
213.4 121.612 24.0601 
227.298 125.078 22.5936 
237.651 123.732 27.2605 
236.705 123.239 23.1109 
236.791 123.536 26.8394 
234.441 126.075 28.5808 
230.686 150.166 27.76 
233.867 129.577 20.9021 
226.557 131.232 21.9775 
216.204 137.94 26.2198 
233.694 122.288 20.3328 
225.561 137.496 31.7355 
225.333 137.604 30.7659 
226.145 141.2 31.8264 
225.176 144.383 30.9466 
225.289 144.401 31.9399 
229.506 141.113 17.2895 
229.183 141.2 18.2207 
228.209 143.46 30.1447 
225.938 141.217 30.8369 
213.723 123.163 30.9931 
228.244 121.181 23.2637 
215.1 130.451 30.309 
223.091 128.254 25.0884 
219.968 153.029 16.2874 
220.444 153.102 17.1556 
220.278 122.95 22.5169 
229.112 121.48 23.6295 
232.418 145.359 19.467 
226.775 130.561 24.6026 
224.26 130.869 24.3068 
232.587 134.774 19.1199 
234.308 122.523 21.0998 
220.466 121.055 24.7691 
221.2 120.774 24.1794 
212.214 122.473 27.2862 
213.872 132.296 24.8336 
225.014 132.437 29.2638 
224.885 133.592 29.2937 
223.629 131.281 26.2653 
214.399 122.97 30.3049 
221.992 154.343 31.4956 
231.628 130.543 29.8525 
229.114 128.715 29.2142 
232.042 134.699 19.9494 
226.579 131.488 27.7428 
226.877 132.127 27.1377 
219.86 132.628 32.0318 
219.89 132.649 31.024 
228.663 131.259 29.1817 
223.516 130.126 24.4423 
214.737 129.172 23.9927 
231 122.315 28.8693 
237.572 123.343 22.6024 
234.412 123.142 29.1269 
234.745 123.265 30.0728 
232.559 140.627 21.2291 
228.039 129.533 26.7772 
229.08 131.471 28.3063 
225.887 135.34 19.0449 
224.239 130.56 26.3411 
219.074 122.804 31.7089 
229.198 154.176 29.1541 
230.541 122.234 29.7345 
229.834 154.182 29.9459 
216.478 153.39 20.3013 
225.413 153.025 16.1207 
217.162 122.979 31.4049 
235.293 122.706 20.763 
217.87 135.429 31.1971 
214.614 123.188 31.3353 
221.688 135.829 32.0996 
217.154 123.164 32.4863 
231.558 130.458 28.8684 
213.172 122.357 27.3138 
215.784 132.507 22.851 
215.235 133.776 23.2064 
215.237 132.879 24.2014 
215.335 132.598 22.6476 
214.784 132.975 23.991 
215.244 131.719 23.5984 
216.967 128.355 21.4528 
216.49 129.864 22.035 
216.132 129.869 21.6836 
216.333 129.775 21.5634 
215.662 131.327 22.0408 
215.967 129.776 21.2171 
216.304 141.321 23.2595 
216.813 141.281 23.3352 
216.612 140.683 24.7866 
216.423 142.923 23.3272 
216.773 142.283 24.8663 
216.293 142.318 24.7787 
220.699 128.011 22.243 
219.852 126.725 21.4899 
219.086 128.053 21.5175 
219.573 126.861 21.894 
217.87 127.012 21.5692 
218.86 128.175 21.8885 
235.28 129.518 22.4731 
235.646 131.044 22.6882 
235.677 129.568 22.1575 
235.745 129.624 22.2907 
236.129 129.678 21.9721 
235.674 128.135 21.8113 
217.314 136.626 21.5687 
218.494 136.966 19.87 
216.868 136.694 21.3826 
217.05 136.563 21.1808 
216.583 136.629 20.9758 
215.813 136.287 23.0034 
228.53 136.829 30.6509 
228.154 134.657 29.6825 
229.756 135.814 29.6004 
228.477 136.971 30.1663 
229.675 135.955 29.1635 
229.952 138.161 29.6941 
215.81 142.39 24.9028 
216.408 141.723 26.4351 
216.303 142.353 24.9898 
215.095 137.272 24.5803 
214.905 136.579 26.0686 
215.557 137.196 24.7739 
214.838 135.711 24.2646 
215.3 135.643 24.4569 
222.106 134.312 19.9344 
223.706 134.42 19.773 
223.613 134.109 19.4412 
223.039 133.106 20.7406 
224.587 132.864 20.2465 
222.982 132.734 20.3432 
217.548 135.272 19.9468 
217.189 133.607 20.8022 
216.442 134.922 21.6702 
217.84 135.262 20.3426 
216.712 134.935 22.082 
222.959 131.557 30.006 
224.241 132.169 30.1213 
222.569 133.541 31.1594 
223.902 132.413 29.842 
223.565 134.327 31.0304 
222.271 133.725 30.8214 
216.18 139.725 23.1256 
215.828 141.362 23.1253 
216.319 141.322 23.1947 
214.473 126.641 30.6335 
215.519 125.405 31.055 
214.884 126.548 30.3531 
214.706 126.547 30.1917 
215.114 126.458 29.9233 
214.267 127.645 29.2949 
227.238 129.016 20.821 
227.172 128.405 22.3874 
227.533 129.157 21.2283 
227.705 129.142 20.9969 
227.962 129.285 21.3845 
228.284 129.955 20.0076 
217.654 127.033 21.5887 
215.768 127.271 21.6524 
216.087 127.303 22.0355 
216.592 125.993 22.104 
215.122 126.318 22.8581 
216.874 126.019 22.4692 
217.638 147.276 19.874 
217.044 145.569 21.3331 
218.728 144.843 18.8772 
217.179 147.28 19.6896 
218.275 144.841 18.686 
219.292 146.564 17.5165 
217.004 153.62 23.2902 
217.14 153.883 26.0418 
216.784 151.68 24.7292 
216.545 153.613 23.4489 
216.323 151.7 24.9224 
216.616 151.446 22.0828 
220.186 129.032 20.9295 
220.135 129.166 21.419 
219.889 129.166 21.3239 
219.257 130.403 20.6913 
219.857 129.309 21.8261 
216.584 149.515 23.5653 
216.691 149.361 26.1635 
216.827 151.714 24.9136 
217.19 149.362 26.1621 
217.184 151.532 27.4169 
234.151 135.547 25.9471 
234.628 135.684 25.9726 
234.125 137.085 26.5209 
234.574 135.829 24.4671 
234.557 137.39 25.0818 
234.066 137.266 25.0234 
221.85 128.855 22.2323 
221.5 129.125 22.484 
221.077 130.065 21.6389 
222.356 130.14 22.8694 
220.798 130.309 21.8925 
223.061 138.677 18.4548 
223.324 140.179 18.0893 
223.017 138.56 17.9745 
224.78 139.376 18.0958 
224.729 139.252 17.61 
224.462 137.753 17.9486 
227.385 137.861 17.7777 
229.15 137.793 18.5652 
229.391 137.789 18.1459 
229.179 137.702 18.0859 
231.045 137.706 18.8494 
229.426 137.692 17.6518 
218.592 141.532 29.1585 
218.545 144.195 29.2975 
218.245 141.619 29.5261 
218.219 141.591 29.5063 
217.881 141.677 29.8562 
217.923 139.018 29.7309 
218.534 130.163 31.4301 
220.09 130.011 31.7336 
219.826 130.122 31.3077 
220.115 130.008 31.2258 
221.304 129.994 30.7251 
219.857 130.118 30.8274 
216.004 134.946 23.3132 
215.484 134.269 24.5406 
215.533 135.026 23.1178 
215.772 135.532 24.4333 
215.334 135.597 24.2428 
226.602 127.794 23.7039 
227.098 127.869 23.605 
227.063 127.932 23.8633 
227.525 128.01 23.7701 
227.195 127.44 25.11 
215.01 134.382 24.5588 
215.046 134.353 24.3318 
215.029 134.917 25.729 
214.555 134.467 24.349 
220 124.86 30.408 
219.063 123.882 30.9504 
219.345 123.899 31.3977 
220.314 123.622 30.1961 
219.767 122.674 31.3555 
220.587 123.652 30.6297 
222.066 127.879 27.8131 
222.411 126.468 27.4575 
222.528 127.72 27.9939 
222.579 127.807 27.8961 
223.021 127.654 28.071 
222.645 129.065 28.4179 
231.95 127.733 29.6259 
233.353 128.572 29.7323 
233.07 128.473 29.3259 
233.348 128.521 29.2319 
234.354 129.21 28.5677 
233.071 128.424 28.8436 
229.085 125.659 27.6029 
229.194 124.402 28.3049 
228.665 125.617 27.8907 
228.721 125.611 27.9572 
228.313 125.567 28.2364 
228.244 126.831 27.4985 
233.69 138.766 25.5104 
233.521 137.885 23.6176 
234.088 137.305 24.9266 
233.973 137.958 23.7469 
234.314 136.509 23.188 
229.966 129.822 19.7761 
230.654 128.199 19.9539 
229.73 129.657 19.4063 
229.182 128.48 20.4537 
228.914 128.326 20.0343 
233.521 131.94 20.0644 
231.806 132.086 19.6198 
231.825 132.014 19.1569 
232.097 132.127 19.2437 
230.215 132.211 18.8567 
232.126 132.058 18.7519 
232.996 145.794 24.7924 
232.868 148.182 24.7319 
232.28 147.071 26.5842 
232.501 145.776 24.689 
231.803 147.054 26.4996 
231.959 144.679 26.5801 
234.887 131.372 27.2199 
234.473 130.815 28.659 
235.338 131.515 27.3855 
235.131 129.898 27.5981 
235.582 130.043 27.7703 
235.837 130.532 26.2047 
234.179 139.829 23.1795 
233.809 138.934 21.1401 
233.696 139.727 23.0495 
234.439 138.037 23.5422 
233.953 137.968 23.4138 
230.686 125.797 29.4737 
231.725 125.069 29.7779 
230.229 124.693 29.1661 
230.604 125.807 29.9678 
230.151 124.699 29.6506 
229.169 125.443 29.1339 
217.428 131.654 31.5775 
217.719 131.553 31.169 
217.47 131.639 31.0749 
217.756 131.542 30.6944 
216.797 132.973 30.3982 
213.369 126.744 25.7617 
213.297 128.012 24.5571 
213.976 126.578 24.3423 
213.777 127.958 24.6509 
214.58 127.786 23.3254 
214.45 126.52 24.4351 
216.553 122.131 22.1445 
216.137 123.623 22.575 
217.925 123.294 22.3136 
216.73 122.197 22.6071 
218.047 123.38 22.7391 
218.541 121.919 22.7008 
234.272 136.468 22.9472 
234.298 134.89 23.3331 
234.732 134.998 23.1503 
234.211 135.604 21.8948 
234.662 134.123 22.093 
234.662 135.713 21.7102 
233.078 129.599 19.7409 
234.196 130.796 19.8682 
233.892 130.751 20.2531 
232.75 130.785 19.4893 
232.451 130.754 19.8758 
223.068 142.463 17.1695 
225.906 142.719 16.498 
225.813 142.784 16.9851 
223.938 144.462 16.7616 
226.687 144.803 16.8054 
223.864 144.515 17.2357 
232.697 125.968 20.5747 
233.293 127.298 20.0902 
232.706 125.895 20.0676 
232.875 125.921 20.1 
232.89 125.848 19.5966 
232.268 124.539 20.1923 
234.022 134.169 26.0046 
235.167 133.335 25.222 
234.411 134.282 26.2926 
234.482 134.312 26.0995 
234.884 134.433 26.3894 
233.648 135.228 27.1314 
221.831 125.836 24.0344 
221.604 124.851 25.2512 
222.102 124.785 25.1877 
222.045 124.772 24.9952 
222.177 123.752 26.1983 
222.545 124.722 24.9492 
234.858 129.795 27.2072 
235.139 128.296 27.4306 
235.568 128.405 27.6218 
235.702 128.913 26.269 
236.389 127.529 26.679 
236.159 129.018 26.4803 
222.455 129.2 23.9311 
222.892 129.952 23.0585 
222.09 129.456 24.211 
222.553 130.195 23.2954 
222.611 129.264 24.4008 
229.896 136.372 18.9796 
228.959 134.955 18.4642 
230.148 136.361 18.564 
229.935 136.282 18.5 
230.191 136.27 18.0636 
229.811 144.7 29.7452 
229.104 147.248 29.4727 
229.272 147.266 29.9349 
227.897 146.009 30.7481 
227.317 148.564 30.854 
228.06 146.033 31.2177 
222.836 131.741 21.5128 
224.345 131.668 21.197 
224.415 131.981 21.5444 
217.022 143.638 25.9061 
216.753 145.657 25.571 
216.538 143.708 26.0316 
216.528 143.684 26.0014 
216.055 143.753 26.1223 
236.867 127.319 22.5647 
235.838 126.831 21.0451 
236.387 127.222 22.6721 
236.762 125.959 22.0307 
236.283 125.879 22.152 
237.006 126.291 23.8234 
232.99 142.478 27.0637 
233.914 141.176 25.2998 
232.626 142.447 26.7104 
233.112 140.153 27.3759 
232.751 140.126 27.0243 
231.391 141.378 28.562 
233.568 137.172 24.8777 
234.026 128.425 19.8168 
233.146 129.52 19.2579 
232.577 128.378 19.1087 
231.572 129.561 19.1672 
232.497 128.431 19.597 
235.299 129.932 27.3692 
235.854 128.507 28.0231 
236.605 129.16 26.6409 
234.626 133.642 23.6831 
234.858 134.57 24.8053 
235.081 133.786 23.7847 
235.321 134.714 24.9249 
234.764 135.016 23.379 
217.107 145.608 23.4607 
216.449 144.298 24.3609 
216.638 145.651 23.5577 
215.959 144.337 24.4629 
216.693 144.27 22.3742 
230.853 130.949 19.4944 
230.877 130.888 18.9769 
222.816 130.181 28.8465 
223.068 131.432 29.5757 
222.26 130.643 29.8721 
222.381 130.516 28.9473 
221.828 130.946 29.9898 
221.739 129.626 29.3516 
217.378 142.981 28.0801 
217.366 140.336 27.9643 
217.047 140.423 28.3155 
218.862 146.625 28.4232 
218.303 149.147 28.274 
218.487 146.681 28.7829 
218.44 146.658 28.7287 
218.078 146.714 29.0707 
231.066 124.224 20.9285 
231.83 123.22 20.95 
231.662 123.098 20.4863 
230.677 122.882 21.4042 
231.25 121.74 20.8593 
230.513 122.76 20.9338 
232.917 136.286 28.4441 
233.174 138.075 27.6648 
232.709 137.996 27.5255 
233.651 137.001 26.4067 
221.488 139.42 18.1186 
219.72 140.468 19.2139 
219.886 138.196 18.9409 
219.567 140.382 18.767 
218.152 139.209 19.891 
219.733 138.101 18.4718 
227.729 146.997 17.3001 
229.005 149.094 17.0422 
227.811 146.947 16.7942 
227.956 146.956 16.8418 
228.031 146.908 16.3496 
228.34 136.859 30.1781 
228.584 139.2 30.3971 
228.289 136.999 29.7054 
227.205 150.999 16.0622 
224.333 150.833 15.3878 
224.432 150.895 15.8741 
226.059 148.881 16.2118 
223.277 148.798 16.2563 
226.119 148.941 16.6854 
213.273 125.052 28.5872 
213.294 126.45 29.1776 
213.695 126.358 28.9072 
213.754 126.356 29.0212 
214.185 126.258 28.7367 
235.58 132.231 23.8162 
235.065 133.751 23.4948 
235.153 132.58 22.4071 
235.591 132.685 22.206 
232.446 151.86 22.731 
232.699 153.78 24.6905 
232.921 151.817 22.5581 
232.927 151.865 22.8443 
233.411 151.822 22.6853 
232.612 149.924 20.7426 
218.003 132.034 20.5336 
216.435 132.462 21.3439 
218.275 132.044 20.9455 
217.443 130.885 21.3881 
216.724 132.457 21.7666 
234.354 134.431 24.7606 
223.31 140.094 17.5997 
223.175 140.082 17.6265 
223.164 139.994 17.1295 
225.031 140.794 17.2714 
216.902 143.499 20.4376 
217.79 141.497 20.0916 
216.958 142.197 21.5003 
217.295 143.533 20.7378 
217.334 142.211 21.8124 
216.729 144.229 22.262 
213.512 128.92 28.4059 
213.821 129.93 27.0902 
213.916 128.816 28.1317 
213.995 128.809 28.3238 
214.402 128.706 28.0531 
222.438 125.488 28.7564 
222.82 125.043 26.8346 
222.326 125.111 26.9017 
222.495 124.115 28.0554 
222.012 124.184 28.1238 
228.698 121.628 26.8937 
229.285 123.071 27.3659 
228.925 123.026 27.7164 
228.84 122.983 27.5691 
228.482 122.934 27.9136 
230.944 125.802 29.0442 
229.866 126.543 29.0894 
230.863 125.814 29.5317 
231.355 133.554 29.19 
232.941 132.961 29.0971 
232.923 134.504 28.752 
232.796 132.94 28.621 
234.185 133.828 27.8788 
232.769 134.472 28.2736 
235.407 128.396 27.8181 
235.58 126.871 28.0662 
236.029 126.971 28.2703 
234.805 127.78 29.2237 
233.849 130.591 27.8996 
234.185 130.714 28.2669 
234.571 131.256 26.8654 
233.936 132.184 27.9588 
229.747 138.19 29.2281 
216.147 135.603 28.6468 
217.388 135.406 29.4456 
216.512 134.283 29.6153 
216.992 135.516 29.6946 
217.443 134.163 30.5675 
216.092 134.408 29.8728 
221.811 121.888 28.7928 
222.104 122.822 27.5979 
221.691 123.21 29.1505 
221.62 122.85 27.4554 
221.62 124.192 27.8748 
221.201 123.256 29.0165 
231.053 125.723 20.5676 
230.849 125.589 20.1295 
229.901 125.39 21.0343 
229.696 125.264 20.5854 
229.667 126.745 20.1526 
229.112 127.806 27.8451 
227.959 128.104 27.2587 
228.705 127.76 28.1164 
227.54 128.062 27.5402 
228.395 129.022 27.898 
219.405 132.881 20.1227 
218.295 131.9 20.4658 
220.415 131.296 20.0489 
220.37 131.454 20.5106 
226.788 129.212 23.63 
226.442 128.701 24.9567 
226.945 128.763 24.8541 
230.103 151.194 18.0993 
230.501 151.19 17.7863 
230.347 151.131 17.6509 
230.743 151.125 17.3541 
231.567 153.262 18.7363 
229.682 123.782 21.0914 
229.44 125.123 20.1795 
230.783 124.021 20.0689 
230.849 125.51 19.6273 
231.057 124.158 20.4589 
227.178 132.523 19.4909 
227.53 131.066 19.3829 
226.426 131.39 20.2127 
227.711 131.283 19.8035 
226.953 130.184 20.552 
226.583 131.592 20.6219 
220.05 126.303 31.545 
218.031 126.445 31.5099 
219.745 126.364 31.1631 
219.222 127.555 31.2703 
218.944 127.619 30.8865 
220.837 127.479 30.5479 
223.593 136.724 18.3266 
222.711 135.653 18.7725 
224.277 135.404 18.6652 
223.516 136.547 17.8634 
224.202 135.246 18.1939 
225.087 136.302 17.7541 
228.679 123.096 26.1977 
228.193 123.011 26.3194 
228.23 123.006 26.4127 
227.761 122.925 26.5383 
227.818 124.406 25.8079 
215.369 133.752 26.7534 
214.912 132.81 27.9447 
214.888 133.874 26.7689 
214.925 133.887 26.9349 
214.437 134.011 26.9509 
236.58 128.779 24.2223 
236.664 130.036 23.3064 
236.223 129.941 23.4942 
236.183 129.934 23.3652 
235.736 129.83 23.5399 
230.528 128.017 19.0227 
231.453 126.867 19.3885 
230.73 128.141 19.467 
231.647 126.993 19.8195 
223.555 130.59 23.1393 
223.536 131.054 23.3196 
223.011 130.789 22.9533 
224.112 131.429 22.8828 
222.919 131.318 23.1617 
227.742 126.392 23.9711 
227.89 126.925 22.7368 
227.42 126.775 22.5587 
220.751 128.831 30.1967 
221.454 128.36 29.2745 
221.897 128.212 29.4528 
222.143 129.483 29.5309 
213.837 125.377 30.2846 
214.079 125.294 29.8531 
219.801 140.31 31.3424 
222.356 141.401 31.4895 
220.038 142.899 31.1648 
219.886 140.29 30.8483 
220.123 142.864 30.6681 
222.646 154.289 31.045 
222.441 150.718 31.4891 
222.593 150.693 31.0226 
222.119 150.695 31.0808 
222.107 147.067 31.1346 
222.269 150.666 30.6019 
233.7 125 20.8797 
233.448 123.533 20.3697 
233.701 124.939 20.4119 
233.449 123.471 19.8688 
234.835 123.93 20.7491 
231.162 145.945 28.4735 
231.517 148.101 28.5963 
229.479 147.275 29.7943 
231.137 148.069 28.2757 
229.475 149.394 29.6187 
224.982 146.712 15.8442 
224.901 146.77 16.3365 
222.184 146.494 16.7555 
230.229 138.198 30.1058 
230.359 140.28 30.0275 
230.031 138.224 29.6438 
231.69 139.316 29.1347 
230.16 140.315 29.563 
232.325 144.71 26.8993 
231.299 143.664 28.5211 
230.921 143.632 28.184 
232.152 142.403 26.6237 
214.973 135.42 27.3686 
215.084 134.337 28.5294 
215.459 135.298 27.3483 
231.041 149.477 18.4365 
232.111 151.6 19.6254 
231.51 149.474 18.26 
232.57 151.582 19.4466 
233.051 144.453 22.3926 
232.48 146.769 22.2211 
232.954 146.789 22.2985 
232.995 145.834 24.7848 
233.477 145.851 24.8911 
225.139 136.418 18.2409 
223.64 136.838 18.8106 
233.816 132.972 21.2837 
234.256 133.077 21.1071 
234.113 133.01 20.9012 
234.569 133.115 20.7142 
217.379 138.344 21.534 
216.469 137.944 23.2251 
215.993 138.023 23.0317 
232.763 150.963 24.6849 
232.933 149.077 22.8572 
233.245 151.007 24.8018 
232.367 147.647 20.2762 
232.91 149.061 22.5843 
233.41 149.092 22.6717 
221.396 141.886 18.1968 
223.09 142.557 17.656 
221.255 141.796 17.721 
216.562 122.264 22.617 
217.191 120.879 22.8492 
216.735 122.328 23.0882 
213.916 124.291 25.2216 
213.082 124.115 25.9546 
213.537 124.299 24.9188 
213.45 124.341 25.1023 
213.048 124.354 24.7896 
214.013 124.511 24.114 
228.774 124.458 26.9012 
228.424 124.413 27.2478 
227.98 125.63 26.7704 
219.857 146.654 18.3169 
221.008 144.215 17.4346 
222.256 146.56 17.2568 
219.657 146.6 17.8553 
222.054 146.496 16.7962 
220.838 148.913 17.4617 
221.411 124.589 29.6289 
221.628 123.263 29.3027 
220.654 122.31 29.9763 
220.734 123.618 30.489 
215.336 124.896 22.2385 
217.272 124.588 21.6073 
217.222 124.669 22.1077 
216.647 125.904 21.6273 
218.566 125.73 21.878 
217.72 128.977 31.8875 
216.994 130.252 31.0631 
217.759 128.977 31.4026 
217.035 130.258 30.5835 
216.268 129.047 30.8915 
213.85 123.086 24.2197 
213.765 121.614 24.3606 
215.163 122.65 23.769 
213.472 123.06 23.9112 
214.781 122.645 23.4409 
214.885 124.091 23.3129 
220.459 142.803 30.3247 
231.372 137.184 28.9123 
230.042 135.837 29.9998 
228.176 125.744 20.9592 
228.633 125.878 21.1512 
228.386 125.892 21.3955 
228.824 126.006 21.5724 
227.734 125.195 22.7641 
227.075 124.635 24.2534 
227.531 124.755 24.4271 
227.556 124.718 24.1416 
227.994 124.829 24.3182 
227.963 126.004 25.3546 
227.459 125.919 25.4481 
227.28 126.3 24.0601 
237.81 125.131 25.5225 
237.165 124.828 23.3787 
237.367 125.018 25.3105 
237.623 123.613 25.1092 
237.183 123.494 24.9406 
237.227 123.63 27.0471 
221.515 125.559 28.385 
221.933 125.552 28.6637 
222.011 125.497 28.4714 
222.162 127.494 26.3336 
222.414 128.825 26.782 
222.646 127.437 26.4186 
234.301 127.715 21.1856 
233.839 128.473 20.2901 
234.472 127.678 20.7515 
234.916 128.849 21.0951 
235.34 126.788 27.6555 
235.738 124.836 27.8147 
235.77 126.886 27.8434 
236.368 125.478 26.6588 
236.828 125.6 26.8759 
232.59 149.233 26.6923 
231.073 150.191 28.0699 
232.094 149.204 26.5986 
232.194 149.197 26.3743 
231.722 149.175 26.2929 
228.08 127.473 21.1777 
228.483 127.631 21.3376 
235.216 135.126 23.1923 
234.769 136.593 22.9928 
229.658 149.434 30.0868 
229.256 149.405 29.77 
229.09 149.374 29.3248 
232.788 129.578 20.112 
233.696 128.413 20.213 
234.196 129.592 20.5024 
227.216 130.336 20.9401 
226.248 130.913 21.7764 
227.522 130.652 21.1665 
226.861 131.883 20.8329 
227.996 131.458 20.2226 
215.388 136.485 25.9803 
215.9 136.362 25.9617 
216.023 137.108 24.6858 
236.469 127.247 22.874 
236.001 127.156 22.9818 
220.202 140.2 30.4983 
232.357 153.51 21.6695 
232.833 153.496 21.7492 
232.196 151.585 19.7593 
218.159 129.465 21.4343 
218.188 129.326 20.9554 
214.527 125.186 29.6991 
215.67 124.938 22.6149 
215.52 124.977 22.7015 
215.843 125.013 23.086 
214.6 122.599 22.9697 
214.99 122.6 23.2807 
217.392 137.22 28.8975 
217.06 137.298 29.2679 
218.332 137.1 29.8536 
217.98 137.181 30.2228 
213.657 126.529 23.9543 
214.148 126.473 24.0572 
232.533 122.062 20.7077 
232.979 123.385 20.0082 
232.981 123.445 20.5041 
231.826 123.161 20.4429 
215.515 138.063 22.9099 
215.969 137.987 23.0885 
214.759 131.271 27.4084 
214.921 132.426 26.4046 
214.27 131.375 27.4884 
214.413 130.984 26.0103 
213.945 131.087 26.0902 
236.89 124.908 25.4299 
237.321 125.019 25.6196 
237.27 125.682 27.0824 
236.846 126.953 25.4185 
236.426 126.852 25.2181 
217.912 126.414 31.0152 
218.751 125.155 31.4823 
217.794 126.456 31.4988 
217.905 126.482 31.9833 
217.08 127.735 31.3226 
230.8 149.523 18.8374 
231.724 151.609 19.9391 
225.64 132.291 21.3472 
225.348 131.941 21.1032 
225.546 131.925 20.9628 
225.239 131.577 20.7365 
222.135 144.269 31.8245 
220.386 142.832 30.8035 
222.198 144.246 31.3329 
220.338 145.637 30.4318 
225.085 151.409 31.2373 
224.744 151.414 30.8711 
224.711 147.803 30.8922 
225.443 137.546 31.253 
225.863 139.327 31.8204 
223.911 139.415 32.0387 
225.749 139.401 31.3389 
224.222 141.323 32.0401 
223.81 139.5 31.5556 
225.232 144.392 31.4443 
223.793 142.881 31.0465 
223.717 142.899 31.5303 
223.857 142.9 31.5383 
223.782 142.916 32.0309 
229.35 141.157 17.7543 
230.425 139.392 17.8001 
230.194 139.417 18.2365 
230.258 139.435 18.2623 
230.01 139.458 18.7125 
226.725 143.923 30.662 
226.934 143.929 31.1108 
226.774 143.937 31.1559 
226.984 143.943 31.6119 
228.411 143.469 30.602 
230.251 122.639 20.5193 
230.404 122.751 20.9869 
229.609 144.694 29.2997 
227.68 146.006 30.2889 
234.295 132.676 26.4417 
235.489 131.932 25.7449 
234.75 132.812 26.5355 
235.95 132.08 25.8597 
235.009 131.394 27.0231 
224.181 141.299 31.0623 
224.288 141.292 31.5409 
225.619 142.818 31.4143 
226.041 141.208 31.3327 
225.72 142.803 31.9074 
232.663 147.112 26.916 
232.168 147.095 26.8195 
226.169 146.468 30.7341 
226.348 146.483 31.2029 
227.848 146.03 30.7655 
214.444 124.351 31.2815 
213.64 124.067 29.7557 
214.681 124.247 30.8646 
214.306 125.269 30.121 
232.637 140.062 27.2371 
231.063 139.249 28.3425 
229.809 140.288 29.2234 
231.344 139.281 28.7739 
229.654 147.291 30.2668 
231.647 143.693 28.8724 
231.28 143.661 28.5409 
232.258 150.961 24.5829 
232.458 149.054 22.7604 
226.236 146.472 31.2377 
224.867 147.809 31.3473 
226.42 146.488 31.7016 
223.756 145.72 31.4394 
227.576 122.696 24.5803 
228.063 122.79 24.47 
227.731 123.106 22.9064 
236.571 128.175 25.5968 
236.142 128.066 25.4021 
235.899 129.581 25.1812 
216.119 132.81 28.9683 
215.528 134.205 28.3406 
215.68 132.95 29.143 
216.385 134.311 29.4741 
212.648 125.965 27.2154 
213.124 125.88 27.0657 
213.137 125.929 27.3166 
213.585 125.827 27.1656 
214.027 130.28 28.8431 
214.44 129.106 29.965 
214.516 130.172 28.7608 
225.086 130.904 22.1884 
225.101 131.394 22.3518 
225.41 131.289 22.3753 
225.443 131.828 22.5736 
221.181 126.049 30.0285 
221.887 126.938 28.9679 
221.482 126.011 30.4213 
222.176 126.881 29.3642 
222.34 126.126 25.8683 
221.878 126.192 25.7951 
222.281 127.067 24.6702 
222.617 127.361 26.219 
223.114 127.301 26.3008 
219.262 151.034 17.5567 
220.203 153.064 16.7198 
221.613 150.925 16.362 
219.505 151.074 17.9966 
221.856 150.96 16.8011 
223.702 145.716 30.9457 
223.564 145.733 31.4173 
223.618 145.735 31.9197 
224.721 147.835 31.8288 
224.565 147.824 31.3606 
217.144 147.541 22.4893 
218.02 147.316 20.2076 
216.677 147.531 22.3117 
217.546 147.316 20.012 
217.452 149.271 21.1257 
220.182 125.818 22.9462 
221 124.393 23.2576 
220.563 125.724 22.6982 
219.44 124.365 22.2821 
221.427 124.301 23.0198 
215.266 124.086 23.5951 
214.595 125.39 23.4304 
214.189 125.397 23.1266 
229.145 122.542 22.0703 
229.413 122.657 22.4728 
230.051 121.6 22.2502 
228.173 123.223 23.0956 
230.993 147.204 17.8459 
232.762 147.637 19.9978 
232.306 147.645 20.1751 
225.518 131.051 23.6608 
225.634 131.589 23.8185 
225.561 131.104 24.4588 
224.191 131.387 23.6618 
224.209 130.937 23.513 
233.846 136.398 23.138 
233.737 137.079 21.7124 
233.743 135.501 22.1044 
233.244 133.385 19.3594 
233.552 134.42 20.5821 
234.004 134.53 20.3875 
233.441 133.597 27.2393 
233.849 133.708 27.5325 
233.785 133.72 27.6051 
234.152 122.381 20.2078 
234.014 122.411 20.6983 
234.472 122.5 20.5794 
233.293 123.564 20.8614 
232.436 137.976 27.1391 
232.63 136.257 28.0329 
220.838 120.903 24.4785 
221.43 121.416 26.6236 
221.758 122.333 25.3512 
221.813 121.298 26.3788 
222.128 122.809 27.392 
222.146 122.198 25.0606 
214.715 124.033 22.8496 
234.308 131.441 21.5767 
234.61 131.476 21.1861 
234.759 131.547 21.4085 
235.071 131.588 21.0098 
235.277 125.433 21.0673 
234.231 126.336 20.5282 
233.995 124.963 20.0177 
234.531 126.36 20.1229 
234.357 126.399 20.598 
235.454 126.769 21.3678 
236.783 127.517 23.9907 
236.286 127.429 24.1065 
235.823 128.401 23.1348 
231.054 125.642 20.0617 
217.299 151.697 24.7214 
217.117 151.459 22.0793 
213.454 124.53 27.2503 
212.845 123.268 26.6918 
212.993 124.569 27.1385 
212.886 123.715 27.8775 
212.363 123.324 26.5593 
237.268 127.631 23.9425 
236.79 127.55 24.0562 
237.071 128.286 25.5434 
236.612 128.177 25.3481 
222.605 122.78 27.5486 
222.301 121.295 26.475 
214.49 132.555 26.5724 
214.35 132.176 24.9173 
214.686 133.559 25.373 
214.015 132.664 26.4829 
214.202 133.664 25.2856 
230.185 144.728 30.0765 
231.498 127.034 20.2572 
232.392 128.409 19.5722 
220.963 127.019 23.4035 
221.26 126.884 22.9961 
219.503 126.965 22.4053 
219.785 126.827 21.9801 
234.84 134.579 24.8708 
228.244 124.306 21.5531 
228.692 124.432 21.7345 
228.511 124.449 21.9566 
228.945 124.571 22.1322 
221.988 146.429 16.3066 
234.268 127.595 28.3946 
234.557 127.701 28.8035 
215.185 133.428 25.3591 
214.688 133.536 25.2702 
222.326 144.208 30.8408 
220.475 145.602 29.961 
235.555 126.804 21.4559 
236.004 125.832 22.5454 
219.122 133.118 20.1096 
219.747 134.766 19.6314 
219.386 133.127 20.5098 
224.945 133.014 29.2853 
223.807 132.114 29.4701 
224.43 131.761 27.784 
223.698 132.74 29.4408 
223.328 131.367 28.0577 
224.362 132.284 27.8518 
227.233 129.953 22.316 
227.156 129.535 23.5695 
226.522 130.794 23.2771 
226.408 130.312 24.6737 
226.194 130.531 23.3233 
216.228 126.591 31.1967 
215.374 127.752 30.4713 
215.751 127.658 30.2081 
214.057 123.057 30.6603 
213.993 123.98 29.4104 
215.043 124.152 30.5086 
222.142 154.317 31.0321 
219.778 151.754 30.3057 
220.17 151.736 29.9905 
219.909 151.725 29.8204 
220.309 151.721 29.5087 
220.271 148.1 29.6024 
219.889 148.12 29.8908 
220.129 145.663 30.2999 
215.889 136.845 27.5891 
216.673 138.568 28.2937 
216.997 138.495 27.9462 
216.639 137.409 29.5291 
216.962 137.331 29.1613 
228.583 132.268 19.1139 
227.808 131.23 19.7746 
229.065 131.002 19.3169 
229.32 131.148 19.6972 
217.203 144.237 22.4542 
216.237 144.265 22.1875 
216.457 144.305 24.5449 
216.56 140.493 28.4439 
216.902 140.401 28.0794 
223.513 136.728 31.0273 
221.964 138.648 31.5869 
222.039 138.621 31.0748 
223.888 139.488 31.0849 
216.147 140.728 24.6455 
215.976 134.989 21.4743 
216.266 134.999 21.8937 
232.02 145.358 19.7341 
233.363 146.818 22.0258 
226.966 126.662 22.412 
227.309 126.284 23.7953 
226.988 125.835 25.5831 
226.827 126.191 23.8826 
226.939 135.972 30.977 
225.542 135.135 31.1665 
226.818 136.054 30.4875 
225.405 135.216 30.6827 
226.711 133.766 30.0481 
230.332 129.638 29.7268 
231.789 129.163 29.9955 
230.597 129.648 29.2972 
230.489 128.246 29.8433 
230.75 128.268 29.4121 
229.386 128.73 28.8069 
221.428 126.995 28.8876 
232.317 134.736 19.5317 
233.282 134.393 20.9866 
233.721 134.499 20.8015 
230.997 127.121 29.0432 
230.996 127.163 29.5283 
230.742 127.11 29.4658 
230.736 127.146 29.9654 
227.607 127.101 26.2363 
227.911 125.588 26.6013 
227.195 127.066 26.5238 
227.502 125.546 26.8898 
215.804 138.944 24.8194 
215.725 138.034 26.3034 
216.118 139.883 26.3331 
216.262 138.851 24.7247 
216.628 139.783 26.2481 
215.54 135.034 23.1034 
215.08 135.11 22.9198 
215.995 133.747 21.9955 
225.794 132.04 28.4392 
225.927 132.398 28.101 
225.731 132.625 28.4756 
225.864 133.01 28.1131 
226.73 131.812 27.4395 
225.766 132.446 19.5154 
225.929 132.68 19.9398 
228.746 132.477 19.5223 
229.6 133.574 18.6595 
228.762 132.417 19.0359 
229.611 133.504 18.1685 
228.155 133.758 18.7854 
212.755 125.478 25.735 
213.59 125.648 25.0208 
213.24 125.418 25.8444 
214.07 125.601 25.1165 
221.498 132.573 20.2606 
222.042 134.123 19.4474 
222.111 133.868 19.0328 
220.379 136.189 18.6065 
219.782 134.544 19.1941 
225.644 139.409 30.8425 
222.253 144.23 31.3441 
219.981 145.701 30.7808 
218.441 139.261 20.3144 
218.045 139.245 19.9769 
217.297 140.602 21.7685 
216.919 140.594 21.4513 
231.566 151.972 26.2218 
232.05 151.994 26.3244 
228.306 124.367 27.0164 
221.817 131.496 21.7626 
222.142 131.236 21.4999 
223.386 130.473 22.7324 
227.493 140.179 31.4346 
227.29 140.209 30.977 
227.393 140.19 30.9431 
227.193 140.219 30.4944 
216.655 130.359 31.4267 
215.92 129.139 31.2451 
215.44 130.35 29.9777 
227.188 142.326 31.0495 
227.399 142.337 31.5058 
219.187 131.394 31.986 
219.182 131.408 31.4918 
219.236 131.392 31.494 
219.878 132.639 31.5344 
219.228 131.406 30.9744 
217.579 149.332 25.8848 
217.402 147.416 26.8685 
216.998 147.442 27.1712 
216.659 147.61 24.6164 
236.375 129.683 25.1273 
235.992 130.86 24.2834 
235.545 130.765 24.453 
225.83 142.87 17.4854 
225.922 142.81 16.9964 
219.898 128.797 31.1651 
221.345 128.657 31.0039 
219.879 128.81 31.6745 
230.456 128.086 19.5166 
229.802 129.596 18.9219 
228.719 128.197 19.6055 
226.934 128.338 26.2617 
227.424 128.423 26.184 
227.678 127.15 26.433 
228.859 127.795 28.2624 
228.439 127.748 28.5398 
227.303 133.021 28.7113 
227.641 131.339 28.4998 
227.368 132.873 29.1594 
228.413 133.045 29.1899 
228.453 132.902 29.6553 
221.379 132.126 30.7146 
222.103 130.813 30.415 
220.506 131.358 30.8231 
220.752 131.238 31.2473 
228.087 142.981 17.2625 
227.9 143.032 17.7403 
229.389 145.084 18.1013 
230.598 143.276 18.8835 
230.786 143.241 18.4271 
230.581 147.2 18.124 
229.491 145.034 17.6467 
225.347 135.41 30.7895 
225.231 135.481 30.325 
225.063 133.282 29.6444 
233.713 136.984 26.2384 
233.773 135.439 25.6768 
219.74 148.146 30.3779 
220.369 124.853 30.6778 
219.443 123.935 31.8888 
220.483 124.901 31.152 
221.005 123.654 30.9271 
226.201 139.418 18.0244 
225.934 137.902 18.3133 
226.175 139.335 17.5267 
224.764 139.296 17.6003 
230.06 142.437 29.64 
229.974 144.722 29.6205 
230.271 142.443 30.0971 
222.762 129.353 24.8998 
223.309 130.055 23.9584 
222.782 130.223 23.7574 
223.017 132.486 19.9068 
222.897 131.516 21.0871 
224.371 132.395 21.7497 
222.837 132.159 21.7106 
221.967 150.743 31.5283 
220.144 148.125 30.0683 
214.2 130.74 24.3762 
214.265 129.541 25.4617 
213.804 129.631 25.5249 
213.942 131.087 25.9223 
213.464 131.195 26.0077 
228.628 123.39 23.2766 
228.486 122.937 24.6456 
228.675 121.333 23.4477 
229.906 121.986 27.9246 
230.233 123.375 28.4725 
229.871 123.323 28.8187 
215.835 132.904 29.3581 
215.384 133.052 29.5394 
215.861 135.189 27.0939 
215.392 135.307 27.111 
213.184 125.644 24.7087 
213.673 125.596 24.8035 
213.831 131.51 27.6746 
236.392 124.386 21.961 
237.583 124.878 23.1268 
237.119 124.782 23.2448 
236.468 125.91 22.4363 
217.367 143.52 20.6018 
218.936 144.897 19.2934 
219.189 142.846 18.6601 
218.993 142.77 18.204 
214.884 130.277 22.9126 
214.786 131.816 23.5145 
214.525 130.297 22.5659 
214.439 131.826 23.164 
213.769 130.773 24.1326 
235.982 130.904 24.6154 
236.445 131.011 24.4503 
228.322 141.344 30.0954 
227.095 142.338 30.5591 
228.517 141.312 30.5584 
227.877 127.367 20.7451 
233.515 128.456 20.6829 
232.319 128.47 20.0745 
233.129 124.105 29.3345 
233.277 124.161 29.8077 
233.049 124.135 29.836 
233.204 124.195 30.314 
234.577 123.202 29.6051 
228.723 141.323 31.0116 
230.003 140.255 29.6774 
228.532 141.356 30.5528 
229.916 142.413 29.7477 
232.948 141.043 25.0674 
233.269 139.69 23.2616 
233.451 141.091 25.1578 
232.857 142.046 22.9743 
233.333 142.088 23.0585 
233.153 143.45 24.8499 
228.784 129.131 27.6474 
229.406 130.115 28.292 
229.181 130.017 28.7769 
228.492 130.481 27.6116 
228.88 131.364 28.7504 
228.321 130.392 28.0322 
233.432 141.131 25.2097 
218.008 129.381 20.9602 
225.874 137.787 17.8336 
224.715 139.171 17.1137 
235.314 128.901 20.7856 
234.99 128.887 21.1796 
234.594 128.83 21.4902 
225.249 134.197 19.7027 
225.199 134.024 19.2507 
225.174 133.873 19.3493 
225.83 135.164 18.5814 
225.121 133.685 18.878 
228.596 132.2 18.6145 
237.32 127.046 25.3115 
216.648 147.536 22.5094 
216.174 147.518 22.3365 
215.66 140.804 24.7779 
216.146 140.756 24.9165 
234.688 126.16 29.0063 
235.537 133.902 23.5946 
236.336 129.707 25.3397 
234.963 130.295 21.4129 
235.415 130.391 21.2409 
220.501 131.333 31.3154 
231.685 136.241 19.2077 
231.404 136.211 19.6418 
232.26 137.379 20.4034 
232.812 135.869 20.8147 
233.076 135.896 20.4081 
222.846 128.71 26.6639 
223.611 129.445 25.7465 
223.294 128.564 26.8378 
223.175 129.901 27.3141 
223.632 129.731 27.4761 
219.548 122.754 31.7495 
218.967 123.994 31.8296 
218.855 123.962 31.3463 
214.97 132.608 22.2985 
214.298 133.088 23.9136 
223.273 130.013 29.0323 
222.538 130.511 30.2836 
222.391 129.397 29.9494 
221.064 128.772 30.6051 
222.188 128.179 29.8489 
228.402 151.364 30.2857 
229.945 152.171 28.4601 
228.196 151.364 29.8246 
223.741 144.405 16.3079 
217.134 130.884 21.0482 
226.857 129.618 22.0876 
226.387 129.466 21.9265 
225.905 130.243 23.1235 
226.345 129.078 23.4703 
229.454 121.906 28.1357 
232.993 140.675 21.0173 
232.309 139.21 19.8432 
233.367 138.895 21.3664 
232.685 137.468 20.2129 
231.875 139.177 20.056 
229.646 123.271 29.257 
230.771 122.27 29.3052 
229.208 121.864 28.5917 
228.982 122.52 22.305 
222.107 123.211 29.4384 
231.59 135.392 29.5285 
232.527 134.399 28.4581 
231.456 135.371 29.0517 
232.384 134.372 27.9958 
232.52 136.179 28.1566 
232.239 136.151 27.7451 
229.855 134.032 29.9364 
229.804 134.189 29.4586 
229.715 134.025 29.4453 
229.659 134.172 28.9647 
233.231 136.901 26.1098 
230.244 152.195 28.874 
229.513 154.181 29.555 
228.736 151.382 30.6585 
216.24 127.386 22.5105 
217.811 127.118 22.0685 
230.736 148.04 27.9529 
226.89 138.405 30.4465 
214.211 127.934 24.8987 
214.296 129.202 23.7534 
213.728 127.989 24.8047 
220.38 148.803 16.6683 
218.318 149.019 18.6688 
220.749 148.853 16.9967 
235.157 126.741 21.7769 
213.025 127.35 27.7022 
213.515 127.277 27.7912 
216.146 151.45 21.9179 
216.978 149.27 21.1142 
216.643 151.447 21.9104 
217.463 151.22 19.5827 
226.284 148.839 15.7679 
227.406 150.932 15.611 
226.211 139.235 17.0334 
228.492 139.445 17.194 
228.313 139.473 17.6597 
227.301 140.922 16.8983 
227.108 140.945 17.3579 
224.982 146.841 16.8206 
225.066 146.782 16.3342 
222.867 153.023 16.2921 
221.781 150.903 16.3102 
222.637 152.968 15.8656 
221.54 150.871 15.8686 
224.288 150.865 15.8823 
233.244 135.952 20.6197 
232.53 143.036 20.4049 
233.289 142.082 22.7553 
232.069 142.991 20.6293 
232.576 144.404 22.3083 
231.936 136.229 18.7748 
233.528 135.983 20.1967 
232.506 137.36 19.9951 
232.956 137.448 19.7798 
232.437 144.734 26.6598 
232.449 152.002 26.6415 
236.819 129.81 25.2983 
215.149 121.293 23.3208 
215.514 121.292 23.6537 
218.046 129.24 20.4955 
218.938 127.975 21.056 
221.815 125.166 26.8164 
222.323 125.1 26.7471 
221.519 123.345 24.5207 
221.07 123.416 24.6017 
221.177 124.419 23.4262 
221.79 127.211 24.7891 
221.397 126.934 23.1471 
222.233 127.121 24.5281 
221.545 128.262 23.8175 
220.92 122.332 30.3599 
218.125 122.914 31.6264 
219.3 122.724 31.3196 
218.37 122.841 31.3029 
217.898 124.052 31.2041 
217.142 125.245 31.0697 
216.928 125.35 31.4823 
217.262 125.272 31.5409 
217.042 125.382 31.9754 
221.26 122.39 25.4298 
218.971 120.947 23.7387 
218.981 120.835 23.2595 
219.363 120.782 23.463 
219.376 120.688 22.9549 
215.64 139.952 26.4556 
216.124 139.857 26.3795 
217.851 144.914 27.3442 
217.51 144.979 27.6819 
217.372 144.962 27.4396 
217.015 145.036 27.7883 
216.522 138.586 28.0199 
217.152 130.739 20.5829 
216.941 153.397 20.472 
217.938 151.224 19.7478 
216.442 140.648 21.3123 
216.455 142.229 21.4237 
216.828 140.652 21.6334 
216.848 142.243 21.7408 
215.806 138.885 24.5892 
216.918 138.385 21.4013 
217.113 138.308 21.1381 
216.629 138.353 20.9889 
215.585 137.184 24.4933 
234.676 123.961 21.2339 
235.161 124.05 21.1037 
234.801 122.614 20.9091 
234.958 122.593 20.4205 
222.861 142.38 16.7218 
217.767 143.551 20.9196 
219.571 142.875 18.9877 
221.762 123.228 24.1074 
220.036 123.077 22.9152 
226.59 136.361 17.6237 
227.377 134.919 17.987 
228.201 136.299 17.622 
227.442 135.095 18.4566 
226.655 136.538 18.0885 
228.142 142.9 16.7713 
220.001 134.829 20.0245 
220.633 136.215 19.041 
226.031 133.024 20.3143 
230.58 134.779 18.7862 
231.182 133.489 19.4581 
231.2 133.432 18.9739 
215.32 138.991 24.6835 
216.431 131.562 29.8297 
216.128 131.669 30.2356 
226.77 131.292 25.9 
225.503 131.033 25.4365 
225.189 131.773 25.3561 
225.511 131.626 26.653 
223.936 130.921 26.3016 
225.214 132.067 26.5627 
217.882 128.925 30.897 
216.377 128.993 30.4207 
218.146 132.882 31.1466 
218.413 132.79 30.767 
221.029 128.719 30.6232 
216.116 126.64 31.6762 
215.248 127.796 30.9432 
214.782 129.005 29.6221 
214.848 130.08 28.4131 
225.391 131.212 26.9638 
225.124 131.621 26.9142 
227.637 129.435 27.0385 
227.342 128.441 25.9896 
227.81 128.521 25.9152 
226.617 129.633 26.0357 
227.029 129.728 25.7492 
226.986 129.966 25.9682 
227.364 130.031 25.7089 
234.433 124.61 28.866 
234.689 124.705 29.2989 
235.979 124.928 28.2414 
235.799 123.409 28.2036 
216.348 126.55 31.2449 
216.469 126.496 30.7377 
231.661 123.038 19.977 
232.568 122.806 30.3145 
232.8 122.803 29.8739 
231.055 123.66 30.0766 
231.294 123.706 29.6412 
230.004 123.324 28.9125 
232.498 142.434 26.9678 
225.213 130.72 24.5219 
225.132 130.712 23.7592 
221.073 141.739 17.2599 
212.527 124.654 27.2893 
212.421 123.825 28.0231 
228.073 127.187 26.1574 
218.132 135.348 30.7777 
217.185 134.259 30.9898 
217.495 134.158 30.6078 
217.749 134.066 30.1674 
214.308 131.41 27.5929 
231.061 153.966 27.0876 
231.955 151.973 26.5392 
230.344 152.185 28.7807 
214.752 132.987 24.1183 
225.236 151.394 31.7236 
237.146 123.289 22.8585 
238.066 123.669 24.8679 
237.633 123.512 24.6857 
236.176 124.936 28.0131 
236.429 125.029 28.4454 
216.067 153.539 23.2993 
228.128 129.007 28.3244 
228.533 129.121 28.0541 
217.095 151.18 19.2528 
217.566 151.174 19.417 
234.585 124.654 29.3531 
234.84 124.743 29.7695 
234.055 126.369 21.0118 
235.442 124.09 20.6969 
235.109 123.971 20.3348 
229.628 125.248 20.6209 
236.137 123.002 21.8038 
235.727 122.914 21.8422 
235.959 124.334 22.2104 
218.139 135.305 20.7692 
229.342 131.092 19.2218 
229.069 130.947 18.8086 
222.155 134.061 19.4934 
231.453 133.526 19.0511 
231.469 133.47 18.5487 
214.704 131.728 29.2847 
215.04 131.627 28.9337 
214.375 130.187 28.4901 
216.045 129.089 30.759 
215.204 128.906 29.3465 
226.616 136.622 18.5729 
226.553 136.448 18.1147 
213.529 124.084 29.5748 
213.18 124.17 29.9148 
227.971 142.958 17.2397 
231.165 135.342 28.6198 
231.426 139.282 28.7108 
218.598 153.232 18.6312 
218.354 153.167 18.2145 
219.129 151.028 17.6649 
218.895 150.994 17.2328 
215.947 134.085 28.0787 
215.493 134.22 28.2679 
215.167 124.248 30.9978 
214.926 124.362 31.4147 
214.161 123.181 31.1748 
219.482 146.615 17.9739 
230.639 152.211 29.1857 
226.597 154.141 31.4494 
226.322 154.175 31.0568 
230.128 132.481 28.7919 
228.662 133.004 29.1986 
229.95 132.403 29.2071 
232.82 144.767 26.9885 
226.549 134.077 29.6714 
226.636 133.95 29.5779 
226.469 134.259 29.166 
222.587 133.488 31.6599 
223.589 134.298 31.5193 
221.681 135.845 31.6156 
231.319 135.362 29.1109 
228.617 133.179 28.6555 
219.127 132.859 19.6811 
229.329 126.706 27.9957 
229.613 127.637 28.9715 
229.08 126.699 28.4224 
229.342 127.62 29.3872 
220.159 138.247 19.3533 
220.01 138.158 18.8799 
216.8 134.19 29.2206 
223.525 133.936 18.9862 
218.834 127.675 31.3521 
219.116 127.607 31.7631 
221.856 131.258 21.3333 
222.209 130.979 21.0509 
224.329 135.58 19.1425 
219.615 126.328 30.6669 
214.85 129.007 29.7089 
222.723 129.985 25.7989 
223.108 129.576 25.874 
222.846 130.289 27.2457 
220.635 125.63 22.2263 
219.494 124.267 21.803 
217.864 124.118 31.7298 
218.005 124.161 32.2172 
216.403 124.252 31.6507 
215.728 128.789 22.736 
214.969 130.257 22.7944 
215.323 128.811 22.5002 
227.163 151.058 16.5512 
227.375 150.99 16.1018 
225.432 152.969 15.6288 
218.162 123.171 21.9047 
219.252 124.386 22.2138 
231.569 132.062 29.784 
231.595 130.502 29.3649 
232.72 131.348 28.9386 
231.538 132.019 29.2937 
232.685 131.299 28.4607 
232.615 132.842 28.7367 
235.022 131.778 25.5646 
235.513 131.933 25.6788 
235.151 132.122 23.996 
234.688 132.473 22.5867 
228.638 153.086 16.8792 
228.71 153 16.3966 
229.031 153.072 16.5452 
229.094 152.97 16.0614 
232.758 153.544 21.337 
233.239 153.464 21.4474 
233.785 142.127 22.837 
233.722 139.785 23.3939 
228.701 122.391 21.894 
220.115 122.133 24.0675 
220.517 121.967 23.7758 
220.371 122.01 23.6237 
220.75 121.857 23.3556 
221.647 122.253 25.1547 
218.788 121.935 22.7643 
218.792 121.801 22.2814 
229.671 121.938 28.3745 
230.546 134.867 19.2554 
231.666 136.2 19.1953 
228.815 121.523 25.1659 
228.382 121.442 25.3542 
228.02 122.854 24.7616 
232.939 133.343 19.7447 
232.83 130.716 18.9946 
232.126 139.166 19.6358 
231.147 140.909 19.3924 
218.849 134.046 31.7737 
219.73 135.617 31.8467 
220.771 134.227 32.0906 
219.98 135.541 31.4118 
219.1 133.96 31.3325 
228.109 133.841 19.2485 
229.559 133.663 19.1773 
216.422 124.166 31.1326 
217.152 123.074 31.9545 
216.211 124.289 31.5951 
216.191 124.376 32.1071 
231.195 143.23 18.1471 
229.887 145.033 17.3541 
227.131 141.023 17.8383 
232.899 138.805 21.5861 
215.779 131.777 30.5657 
216.709 130.36 30.9255 
222.501 154.31 31.5164 
234.861 127.729 20.4525 
236.68 124.729 23.4963 
236.202 128.457 22.846 
213.022 128.433 26.4102 
213.444 127.269 27.4381 
213.502 128.376 26.5095 
213.912 127.205 27.536 
214.252 130.666 24.219 
216.607 149.224 20.7881 
214.508 125.432 23.5102 
214.92 125.43 23.8228 
220.751 131.212 31.7501 
231.783 140.918 18.7134 
231.578 140.952 19.1763 
231.337 140.873 18.9482 
222.276 133.682 31.2948 
220.779 134.257 31.0883 
220.78 134.233 31.5985 
219.572 128.843 31.2721 
217.839 128.929 31.4173 
219.606 128.836 30.7821 
230.349 147.24 18.5735 
213.999 128.271 26.4333 
213.372 129.652 25.2848 
222.01 138.617 32.0774 
219.802 137.439 31.1486 
220.125 140.217 30.9733 
219.796 137.466 30.6649 
227.305 142.347 31.0115 
222.635 128.379 25.1943 
222.829 128.679 26.9533 
230.853 134.819 18.3604 
230.808 134.903 18.8553 
232.965 133.346 19.7647 
232.656 133.305 20.1615 
212.689 122.409 27.3047 
213.397 122.027 25.9017 
213.016 122.028 25.5787 
212.892 122.081 25.9013 
212.498 122.097 25.5675 
213.234 125.434 25.878 
216.064 132.494 21.0104 
215.717 133.733 21.5863 
216.354 132.475 21.4126 
213.503 128.333 26.3355 
215.921 127.35 22.1195 
217.773 139.196 19.5678 
219.191 140.359 18.4494 
225.561 142.8 30.9141 
225.662 142.785 31.4088 
213.498 122.724 28.914 
212.914 123.774 28.0366 
213.011 122.792 28.9199 
219.474 137.509 31.5243 
219.477 137.534 31.0107 
220.776 134.249 31.5987 
219.735 135.659 31.3527 
219.983 135.581 30.9292 
217.713 137.256 30.6436 
218.065 137.179 30.3021 
234.668 130.279 21.7872 
221.204 141.827 17.734 
219.373 142.803 18.5364 
221.982 137.41 17.8956 
220.764 124.499 23.6797 
228.287 139.564 18.1425 
228.47 139.535 17.69 
225.912 137.708 17.3416 
230.939 130.818 18.4955 
221.388 132.109 31.2019 
233.557 130.74 20.6531 
232.521 130.688 19.3902 
225.857 132.297 28.8561 
225.11 132.721 29.6177 
224.125 131.919 29.7909 
223.943 130.689 27.9666 
223.708 131.088 27.8885 
222.422 130.605 30.7175 
222.15 130.736 30.3413 
223.439 134.591 30.6723 
227.085 138.374 30.8974 
227.176 138.298 31.3802 
221.671 131.894 31.5514 
221.659 131.925 31.0408 
221.181 129.285 22.9024 
221.549 129.008 22.6108 
216.419 133.661 22.1912 
215.433 132.519 22.5033 
215.328 130.245 23.1517 
236.215 123.495 28.4148 
221.095 129.926 21.1698 
232.687 122.756 29.423 
231.883 126.37 29.217 
233.178 125.588 29.1674 
231.876 126.423 29.7288 
233.241 126.902 29.0076 
233.237 126.947 29.4928 
216.164 147.61 24.6257 
235.079 132.942 26.8953 
231.428 132.039 29.3155 
230.13 130.894 29.669 
230.087 132.432 29.6751 
232.473 132.822 28.2684 
234.608 132.797 26.7919 
233.484 126.985 29.4198 
233.486 127.03 29.9254 
223.521 136.716 31.5309 
227.335 135.001 18.4802 
227.401 135.174 18.9379 
223.619 136.659 32.0166 
228.138 136.499 18.6221 
228.176 136.401 18.1152 
219.095 133.971 30.8487 
215.825 136.822 27.4186 
215.392 136.462 26.0532 
225.143 136.479 18.2192 
226.389 133.636 18.5869 
226.458 133.821 19.0504 
226.553 133.856 19.0075 
226.62 134.044 19.4822 
227.948 133.635 18.8462 
227.944 124.319 27.3709 
227.929 121.309 25.1988 
228.381 125.668 26.4847 
224.38 150.934 16.3787 
213.733 122.852 25.3225 
214.263 123.065 24.5352 
216.763 135.6 30.1295 
221.7 126.817 22.7562 
222.232 127.998 23.328 
221.961 128.128 23.7074 
222.705 126.982 24.4269 
236.358 123.56 28.8954 
235.143 132.581 22.385 
223.619 136.662 31.5273 
226.727 136.202 30.0114 
217.712 126.928 21.104 
230.995 143.264 18.6075 
232.494 142.993 20.3383 
214.686 130.632 24.461 
215.174 128.724 22.0405 
215.024 127.761 23.5663 
214.704 127.722 23.1788 
214.262 127.746 22.9448 
218.855 134.057 31.2659 
216.895 143.055 28.2113 
217.25 142.998 27.8624 
217.717 142.925 27.7425 
226.238 139.32 17.5294 
215.875 123.165 31.6365 
212.634 122.904 29.2583 
214.496 123.081 30.8337 
227.987 133.546 18.3567 
225.862 132.79 19.8768 
232.573 139.198 19.4141 
229.441 121.368 21.6261 
229.885 121.488 21.8205 
218.545 122.042 23.1876 
219.186 124.492 22.6933 
217.395 124.74 22.5984 
217.451 124.646 22.0814 
215.508 121.158 23.1627 
215.131 121.176 22.8164 
213.365 122.848 25.0018 
213.248 122.917 25.1969 
212.874 122.911 24.8686 
225.197 136.594 18.7024 
217.884 153.112 18.0387 
215.151 131.59 29.1032 
216.076 131.671 30.1855 
215.48 131.493 28.7583 
217.594 151.516 27.1422 
222.956 129.083 23.8136 
222.754 126.039 25.6134 
223.645 130.449 23.9037 
218.064 151.503 26.9762 
217.653 151.517 27.2628 
217.889 147.378 26.7662 
217.495 147.404 27.0627 
236.053 132.382 23.912 
235.598 132.262 24.0911 
230.493 128.201 29.3413 
231.148 123.642 29.5845 
230.552 124.731 28.8362 
228.924 126.662 28.2737 
228.666 126.652 28.7047 
231.355 153.967 27.4795 
231.846 153.951 27.6093 
231.383 123.68 29.1377 
229.434 125.452 28.7036 
227.903 130.288 28.2967 
228.115 130.382 27.8512 
232.903 129.848 29.1394 
231.793 129.12 29.5022 
227.986 131.804 27.7128 
227.792 131.69 28.1526 
227.451 133.275 28.4175 
233.326 125.667 30.0624 
233.404 125.665 29.575 
231.788 126.43 30.2178 
223.872 130.519 24.3881 
223.785 131.113 23.7649 
223.099 130.612 23.7221 
223.088 129.135 24.2968 
218.024 131.888 20.0465 
220.318 131.705 20.9688 
236.685 124.416 21.5502 
228.899 130.001 29.1986 
230.742 128.223 28.9415 
220.732 126.067 29.7333 
221.054 126.017 30.1562 
215.41 136.932 27.6764 
216.176 138.664 28.3776 
216.298 136.736 27.3351 
228.387 128.208 26.97 
230.097 130.858 29.1583 
230.306 129.595 29.2261 
230.564 129.608 28.8195 
231.753 129.119 29.5052 
231.756 129.072 28.9886 
219.457 154.093 28.7243 
219.01 154.072 28.9211 
225.161 130.637 25.4957 
226.413 131.102 25.9198 
227.841 131.469 28.0384 
226.963 130.451 27.4744 
227.393 130.566 27.2055 
227.126 130.791 27.1376 
227.627 130.92 26.8173 
231.883 147.648 20.4675 
231.795 126.379 29.7249 
231.385 131.995 28.7906 
232.287 140.034 26.8941 
218.147 132.876 31.6427 
224.313 130.855 25.3425 
227.374 129.073 24.7793 
234.523 127.678 28.8302 
234.144 130.695 28.3086 
233.147 129.907 29.0454 
232.87 129.81 28.6577 
236.252 124.371 21.7985 
226.632 131.037 26.2138 
223.976 131.085 25.2878 
223.89 131.539 24.6432 
226.234 130.78 26.2559 
224.281 131.789 29.3862 
224.755 131.414 27.8186 
216.178 145.646 23.3726 
216.931 144.269 24.442 
216.646 147.564 24.5134 
213.741 125.373 25.9856 
212.851 123.27 26.5616 
213.345 123.212 26.6966 
213.388 123.664 27.8775 
233.003 131.411 28.8065 
230.284 130.96 28.7272 
233.049 131.464 29.305 
233.188 129.947 29.5452 
229.712 142.407 29.3005 
222.872 138.469 17.5036 
218.098 122.98 32.1146 
218.024 124.095 31.7087 
219.915 126.277 31.0648 
222.047 137.572 18.3693 
213.136 122.814 29.261 
230.758 147.244 18.2911 
230.325 131 29.2075 
229.791 125.498 28.3639 
229.533 125.493 28.7926 
222.184 137.65 18.8427 
220.699 136.364 19.5047 
232.929 143.039 20.1298 
232.972 144.392 22.0391 
221.405 122.311 30.4815 
224.729 151.411 31.8535 
225.958 154.202 30.7689 
218.835 154.055 29.39 
222.699 152.899 15.3684 
223.39 131.228 29.8767 
223.189 130.13 29.5161 
217.159 147.566 24.509 
229.886 127.648 28.5335 
233.483 144.435 22.119 
236.686 128.567 22.8078 
226.136 154.144 31.6189 
236.545 123.059 21.5684 
236.269 122.969 21.154 
218.588 122.937 32.1654 
232.834 122.052 20.0856 
232.375 121.955 20.2695 
232.853 122.169 20.9714 
223.612 130.686 25.3556 
223.849 130.316 25.4378 
215.295 123.311 32.0261 
215.806 123.259 32.0872 
215.725 123.087 31.2965 
223.231 129.202 24.7941 
222.957 130.728 24.6564 
