611 # number of quadratic nodes on outer solid boundary
294 # number of facets on outer solid boundary
217.071 123.109 32.3922 0
218.865 125.21 31.9716 1
215.275 125.488 31.4909 2
220.043 122.688 31.742 3
234.257 132.306 28.3249 4
231.509 133.579 29.6646 5
231.638 130.55 29.8609 6
237.578 123.315 22.6293 7
234.617 122.449 20.1518 8
235.591 125.444 20.6737 9
217.204 120.742 22.3563 11
213.374 121.57 24.0174 12
216.003 123.544 22.1119 13
227.468 148.61 31.3273 14
221.967 147.105 31.6134 15
225.284 144.423 31.9399 16
234.028 135.341 27.4356 17
213.629 124.52 23.8112 18
221.11 127.436 30.9795 19
221.822 124.568 29.9007 20
213.865 129.227 23.5056 21
215.328 131.325 21.6734 22
216.825 128.274 20.9783 23
213.869 132.26 24.8307 24
234.184 137.184 21.5024 25
235.112 134.236 21.8954 26
232.593 134.769 19.1176 27
219.265 130.26 20.2027 28
233.45 127.252 19.6249 29
236.06 128.185 21.5114 30
213.336 130.021 27.1648 31
222.891 126.393 27.5395 32
223.106 128.216 25.0682 33
222.235 125.737 23.7588 34
220.949 127.865 21.8506 35
237.057 128.892 24.182 36
236.109 131.158 22.5277 37
222.286 121.796 28.9018 38
218.203 144.248 29.6572 39
215.934 141.798 26.5773 40
217.608 139.114 30.1192 41
215.238 138.133 26.395 42
215.7 139.756 22.9626 43
228.701 131.283 29.2122 44
229.777 154.251 29.9658 45
222 154.38 31.5106 46
222.24 141.414 31.9792 47
216.966 127.786 31.8108 48
232.44 145.359 19.4374 49
233.081 149.938 20.5596 50
233.366 148.181 24.7993 51
233.647 143.506 24.9265 52
233.196 153.865 24.7625 53
231.944 153.305 18.3884 54
235.049 135.963 24.487 55
225.548 152.958 15.132 56
223.202 148.734 15.7684 57
219.962 153.022 16.2832 58
234.171 138.872 25.6376 59
214.814 126.284 22.4577 60
235.643 133.469 25.3151 61
231.66 125.053 30.2683 62
230.553 122.204 29.7568 63
234.705 123.203 30.0812 64
237.494 126.355 23.7127 66
237.694 123.707 27.234 67
236.83 127.628 26.8845 68
236.295 130.677 26.3617 69
231.092 121.6 20.4243 70
228.233 121.157 23.2795 71
228.234 134.522 30.1551 73
222.652 123.645 26.112 74
216.466 153.401 20.3136 75
217.943 148.97 18.3332 76
221.248 120.74 24.2315 78
231.312 137.714 18.4273 79
229.143 128.717 29.2533 80
216.936 133.587 20.3611 81
221.495 132.346 19.7991 82
218.208 136.91 19.4547 83
231.663 137.21 29.316 84
227.24 129.307 27.3339 85
227.442 137.772 17.2839 86
229.582 141.152 17.3048 87
231.464 150.218 28.3867 88
234.636 129.312 28.9682 89
227.335 124.303 25.9056 90
228.847 124.34 28.6568 91
227.833 126.77 27.7801 92
216.687 153.938 26.2475 93
228.783 139.162 30.8531 95
222.6 135.48 18.3261 96
212.866 126.808 25.681 97
220.287 122.958 22.489 98
221.692 135.805 32.1209 100
225.535 137.439 31.7313 101
225.193 133.032 30.0629 102
226.593 131.471 27.8371 103
229.243 149.062 16.6104 104
229.452 126.624 19.7073 105
231.641 129.49 18.6751 106
216.083 149.524 23.5447 107
214.804 133.855 22.9915 108
217.414 141.486 19.7611 109
221.318 139.335 17.6602 110
215.099 130.438 30.3437 113
213.856 127.739 29.5642 114
228.047 129.787 19.609 115
230.249 132.148 18.3535 116
216.59 145.576 21.1177 117
214.544 135.04 25.7456 118
220.784 144.162 16.9863 119
217.921 135.438 31.2142 120
231.544 145.982 28.8009 121
226.708 127.327 25.1871 122
212.176 122.444 27.3203 124
213.681 123.134 30.9812 125
212.813 125.147 28.7449 126
229.413 123.639 20.7033 127
227.275 125.072 22.5756 128
232.271 124.477 19.7041 129
221.547 129.908 31.139 130
223.085 128.912 28.604 131
223.245 131.4 30.4041 132
219.909 132.62 32.0234 134
231.762 141.411 28.8993 135
218.638 125.628 21.4004 136
218.481 130.165 31.9323 137
226.785 144.77 16.316 138
215.366 136.369 22.7934 139
212.612 124.142 25.8431 142
228.255 121.513 27.0999 143
229.625 126.521 29.5234 144
214.466 132.936 28.124 145
224.19 130.473 26.4451 146
217.909 149.206 28.5814 147
226.055 129.877 24.7205 148
225.004 140.737 16.7773 149
224.404 137.636 17.4713 150
229.013 134.871 17.9711 151
233.45 140.713 20.7828 153
234.495 129.607 20.1244 154
215.932 142.97 23.2428 155
224.485 132.542 19.8753 156
231.959 127.777 30.1246 157
234.942 126.234 29.4314 158
228.639 143.479 31.0473 159
226.133 141.192 31.8174 160
226.743 128.233 22.1938 162
225.951 130.582 21.5186 163
215.731 135.729 28.8928 164
216.522 133.054 30.8067 165
222.649 129.866 22.5737 166
224.094 130.969 22.6325 167
227.037 132.313 19.0585 168
233.814 131.975 19.6539 169
225.768 134.982 18.119 170
216.265 145.706 25.6756 171
230.803 124.011 19.9875 297
231.669 123.044 19.9788 298
230.208 122.616 20.5619 300
233.555 144.508 22.1353 309
231.519 126.836 19.2772 315
234.027 134.567 20.343 339
237.62 124.87 23.1856 351
215.343 133.064 29.5455 356
214.66 131.747 29.2705 357
215.816 131.762 30.5921 359
231.813 140.921 18.6468 374
231.166 143.297 18.0604 375
232.943 143.04 20.1468 377
224.242 132.217 30.0971 380
235.259 135.132 23.2003 392
225.716 142.803 31.902 401
223.792 142.898 32.0464 402
224.225 141.273 32.061 404
232.696 147.118 26.9443 411
232.613 149.221 26.745 412
231.49 148.118 28.6053 414
233.394 128.574 29.7781 418
234.673 135.675 26.044 428
234.886 134.438 26.4311 429
235.306 134.704 24.9002 431
213.984 130.307 28.8621 434
237.399 127.041 25.3532 471
237.253 125.709 27.0634 472
237.878 125.053 25.4749 473
213.964 132.689 26.5288 477
235.116 132.966 26.9343 482
235.343 131.555 27.4262 483
235.938 132.088 25.8188 485
232.152 132.105 18.6819 504
232.86 130.764 18.9634 505
230.892 130.851 18.5 507
223.692 136.55 31.9951 514
228.764 141.319 30.9921 531
227.388 142.337 31.5153 532
227.501 140.169 31.4445 534
217.951 124.201 32.1916 537
220.001 126.342 31.5891 543
220.577 124.875 31.2245 544
221.483 126 30.3899 546
222.175 122.17 25.092 548
235.28 128.883 20.7643 555
229.433 121.214 21.5656 559
228.737 122.318 21.8188 560
226.315 130.543 26.3811 565
226.487 129.714 26.069 566
226.907 130.519 27.384 568
221.32 128.678 31.0049 571
222.277 128.14 29.7974 572
222.496 129.304 29.92 573
232.428 152.049 26.7221 590
233.235 150.991 24.7961 591
227.342 134.872 17.9864 619
227.734 122.902 26.4626 624
228.483 122.922 27.9449 625
227.906 124.324 27.3798 627
234.879 127.745 20.3699 636
231.098 123.621 30.0945 646
222.056 144.258 31.8024 648
223.687 145.808 31.9413 650
222.954 142.439 16.6725 659
223.158 140.006 17.1185 660
221.036 141.718 17.2791 661
219.726 135.753 31.8803 668
230.68 152.208 29.1376 683
228.612 151.41 30.7327 684
229.679 149.394 30.1329 686
224.115 130.829 28.3607 690
224.725 131.477 28.3171 691
227.551 128.104 27.5094 697
228.4 127.747 28.5447 698
228.057 129.039 28.3282 700
216.111 145.656 23.392 717
226.26 148.82 15.7028 723
227.742 127.362 20.7223 728
227.239 128.917 20.8 729
228.645 128.219 19.6515 731
222.241 130.904 21.0773 734
223.091 131.393 21.1195 735
223.437 130.564 22.7579 737
234.071 137.113 26.6095 741
234.882 124.769 29.7452 747
226.026 132.27 28.7656 752
225.28 131.24 27.1203 753
212.467 124.692 27.2572 756
224.03 130.562 24.4808 760
231.521 132.061 29.7791 765
233.106 131.463 29.3526 766
232.974 133.002 29.1146 768
215.046 137.282 24.5654 782
223.144 127.314 26.2872 785
223.363 128.516 26.849 786
223.01 127.69 28.0821 788
222.718 127.067 24.4468 791
222.859 126.058 25.6584 793
226.422 128.814 24.9422 796
226.907 128.343 26.3065 798
238.18 123.56 24.9123 801
212.367 123.316 26.5165 803
228.222 124.313 21.4911 807
227.856 121.24 25.1976 809
228.045 146.88 16.3586 819
236.827 125.956 21.991 839
232.582 128.281 19.1286 865
233.253 129.546 19.2275 866
234.05 128.403 19.84 868
232.976 134.537 28.7845 879
234.153 133.843 27.897 880
219.7 148.177 30.4195 890
230.712 127.184 29.9997 895
215.064 128.741 21.9897 901
214.533 130.27 22.546 902
215.964 129.802 21.1867 904
227.153 127.059 26.5288 920
227.468 131.453 28.4928 923
216.508 149.229 20.7972 929
227.521 122.674 24.6455 932
216.564 138.344 20.955 940
216.416 140.601 21.2959 941
217.751 139.192 19.5935 942
214.659 124.005 22.8042 944
214.172 125.416 23.1597 945
215.385 124.923 22.2016 947
223.496 136.581 17.8549 961
218.224 144.824 18.5947 969
217.164 147.236 19.6965 970
219.265 146.527 17.5211 972
224.203 131.545 21.2499 974
223.105 132.408 20.0273 976
215.838 141.37 23.1312 979
215.621 140.814 24.7778 980
215.777 142.37 24.8942 981
214.937 135.429 27.3927 985
215.746 127.244 21.653 989
214.26 127.744 22.9213 991
225.44 135.124 31.2353 995
225.815 139.361 31.8267 997
227.21 138.283 31.3862 998
226.986 143.942 31.6271 1007
236.729 128.571 22.7469 1016
222.301 126.877 29.3617 1020
236.588 129.136 26.6747 1025
235.616 130.028 27.8169 1026
235.891 128.5 28.0575 1028
217.021 125.368 32.0547 1030
216.18 124.338 32.0875 1031
215.275 138.998 24.6611 1037
225.304 130.669 23.6052 1044
225.062 130.978 22.2111 1045
225.829 130.084 23.1531 1046
219.758 138.097 18.4495 1048
219.21 140.363 18.3599 1049
228.096 146.051 31.1972 1051
230.183 144.755 30.1165 1052
229.668 147.332 30.2944 1053
219.143 127.635 31.8664 1057
236.074 126.987 28.3054 1068
236.439 125.01 28.5064 1069
233.454 149.021 22.6824 1096
233.433 151.96 22.6072 1097
232.613 151.609 19.4821 1099
233.322 153.68 21.4719 1100
220.219 128.955 20.9636 1102
214.307 133.054 23.877 1107
214.943 132.618 22.3212 1108
214.355 131.842 23.1575 1110
216.116 132.43 20.9729 1112
218.002 131.902 19.9942 1113
217.065 130.787 20.4675 1115
224.87 151.491 31.8602 1118
226.157 154.341 31.7389 1119
228.292 125.548 28.2024 1128
227.488 125.527 26.9123 1129
214.457 129.065 29.9923 1131
213.477 128.861 28.399 1132
227.858 130.241 28.3471 1135
212.611 126.029 27.2647 1156
212.767 125.453 25.7751 1157
226.354 131.291 20.2071 1159
215.673 139.953 26.4905 1160
216.149 138.709 28.4303 1161
216.517 140.481 28.4728 1162
214.81 135.752 24.2685 1172
216.686 135.622 30.1245 1175
236.684 130.083 23.3478 1184
236.123 129.676 21.9596 1185
221.979 150.681 31.5587 1190
224.744 147.873 31.8892 1191
236.852 129.869 25.274 1199
221.002 123.675 30.9203 1204
221.418 122.239 30.6179 1205
222.102 123.256 29.4511 1207
214.924 136.562 26.0494 1210
227.965 133.548 18.3034 1220
215.168 127.827 31.0031 1234
219.654 151.801 30.2599 1241
213.291 129.69 25.2895 1244
219.044 127.908 20.9427 1247
213.279 128.002 24.5431 1256
213.009 128.406 26.463 1257
232.785 147.63 20.0352 1259
233.468 146.749 22.07 1261
223.721 130.123 24.4311 1267
219.881 126.761 21.5021 1270
217.76 126.921 21.0893 1271
216.62 130.396 31.4827 1273
217.382 131.654 31.6149 1274
232.932 136.318 28.4459 1275
224.673 139.178 17.1215 1284
222.891 138.47 17.4914 1285
225.031 133.706 18.8591 1288
220.836 131.241 31.7598 1291
219.182 131.395 31.9733 1292
220.101 129.988 31.7885 1293
221.88 138.665 32.0611 1295
223.956 139.48 32.0826 1296
229.199 125.393 29.1633 1297
228.625 126.65 28.7034 1298
214.217 133.678 25.3219 1306
214.534 134.515 24.347 1307
230.846 134.826 18.3024 1308
230.46 128.275 29.8995 1327
228.902 130.037 29.1524 1332
220.403 148.797 16.5687 1340
230.539 127.943 18.994 1350
237.112 128.245 25.5678 1354
230.183 136.29 18.0251 1362
219.476 123.99 31.8544 1373
219.791 140.301 31.4043 1374
220.007 142.886 31.2129 1375
217.929 141.675 29.8931 1377
218.955 142.831 18.2013 1379
216.939 143.567 20.3588 1381
221.991 146.446 16.2993 1383
228.48 139.442 17.169 1388
226.232 139.274 17.0353 1389
227.249 140.903 16.8526 1391
234.492 126.369 20.1121 1394
235.867 126.835 21.0788 1395
230.953 147.166 17.7802 1397
235.143 123.965 20.3497 1401
236.696 124.409 21.5387 1402
236.379 122.857 21.0858 1403
229.779 134.081 29.9532 1412
225.882 137.668 17.3425 1415
226.563 136.363 17.6084 1416
225.118 136.321 17.7437 1418
212.571 122.768 29.2854 1424
215.548 138.053 22.8498 1428
219.229 132.993 19.5313 1429
222.663 152.977 15.3143 1435
224.349 150.8 15.3882 1436
221.535 150.83 15.8632 1437
227.732 123.109 22.9333 1442
228.2 143.002 16.787 1447
233.917 141.184 25.272 1453
233.024 142.514 27.1004 1454
233.121 140.142 27.4347 1455
226.688 133.74 29.9922 1462
232.854 125.871 19.5918 1468
230.934 125.549 19.5901 1469
213.497 123.087 23.8924 1475
236.874 127.285 22.5113 1477
237.259 127.622 23.9799 1478
216.58 125.846 21.5293 1481
229.693 129.619 18.8358 1482
225.286 131.551 20.7748 1487
225.735 132.433 19.5642 1488
215.875 129.118 31.2766 1490
231.944 136.248 18.8009 1496
218.802 134.05 31.8016 1501
226.761 126.203 23.9346 1505
220.384 136.09 18.5958 1507
213.746 130.772 24.1508 1512
226.981 135.935 30.941 1515
222.367 128.015 23.3038 1516
221.862 128.939 22.2567 1517
222.915 129.063 23.8045 1518
215.942 135.056 21.4561 1524
215.65 133.802 21.5672 1525
215.109 135.113 22.9004 1526
216.865 143.088 28.2403 1528
231.738 139.308 29.0777 1531
231.895 154.088 27.6258 1537
228.373 132.861 29.5714 1543
230.048 132.37 29.7824 1544
223.745 134.295 31.5773 1545
216.317 151.717 24.9079 1549
216.01 153.725 23.3196 1550
216.128 151.433 21.9333 1552
213.597 126.545 23.9141 1553
213.199 125.69 24.6329 1554
218.751 154.238 29.4171 1562
229.868 145.033 17.2251 1565
233.214 138.135 27.7472 1568
218.584 122.877 32.2791 1569
232.575 139.229 19.3439 1570
233.808 138.913 21.1833 1571
232.995 137.468 19.7307 1572
222.447 125.473 28.7368 1575
235.099 131.563 20.9771 1577
234.586 133.14 20.6677 1578
235.598 132.695 22.2356 1579
223.619 129.56 25.6721 1583
216.063 134.43 29.8521 1596
217.22 134.234 30.9994 1597
231.782 129.169 29.9835 1604
233.224 129.993 29.575 1605
222.808 125.058 26.8668 1607
217.073 151.158 19.2502 1612
223.733 129.877 27.4556 1615
213.435 131.192 25.9839 1619
230.308 129.625 29.7861 1622
216.545 136.735 20.9393 1625
227.465 150.984 15.6008 1627
229.084 153.158 15.9873 1628
230.702 151.144 17.2998 1629
212.414 123.8 28.0592 1630
230.065 130.965 29.7028 1632
219.462 137.623 31.5945 1633
217.825 137.303 30.6916 1634
232.85 144.74 27.0291 1638
231.68 143.683 28.8331 1640
229.067 130.884 18.7666 1643
227.512 131.085 19.4312 1644
228.519 132.217 18.5839 1646
215.94 144.401 24.4232 1648
231.519 149.468 18.1447 1650
215.088 134.354 28.5145 1651
212.95 127.384 27.7414 1654
226.439 133.644 18.5836 1656
220.84 134.192 32.0843 1657
229.601 133.542 18.1856 1658
236.475 123.537 28.929 1661
234.201 130.773 19.8887 1663
234.623 135.722 21.684 1666
234.79 136.693 22.9908 1667
233.985 124.961 19.9221 1671
233.41 123.486 19.8713 1673
218.08 132.886 31.705 1676
226.828 130.237 20.579 1678
228.103 125.791 20.9133 1683
229.408 125.119 20.2076 1684
234.815 127.773 29.2124 1686
235.59 133.891 23.5899 1687
233.393 125.699 30.1377 1689
221.961 133.941 19.0174 1691
223.653 133.931 18.9021 1692
226.556 127.775 23.6916 1697
234.254 139.834 23.1707 1699
234.484 138.135 23.5142 1700
216.978 147.472 27.1669 1705
216.641 149.367 26.2308 1706
216.17 147.598 24.6547 1707
213.148 124.173 29.91 1708
222.535 124.673 24.9317 1710
231.505 133.48 18.5119 1711
224.206 135.167 18.2401 1712
231.593 135.41 29.5209 1713
229.948 135.9 30.124 1714
233.84 142.175 22.8432 1715
213.839 131.537 27.6951 1716
226.216 129.2 23.5084 1717
216.069 143.779 26.1723 1718
225.008 146.726 15.8275 1722
223.771 144.374 16.25 1723
214.427 134.018 26.9589 1724
222.399 130.676 30.7648 1725
223.183 130.122 29.3969 1726
221.664 126.827 22.7164 1729
233.553 136.024 20.1617 1735
221.937 137.407 17.9046 1737
218.897 150.98 17.2085 1738
217.845 153.26 17.9738 1739
219.341 120.51 22.9188 1740
218.771 121.776 22.2506 1741
220.759 121.855 23.3552 1743
226.307 146.536 31.7222 1749
230.497 139.417 17.8402 1752
229.425 137.672 17.6113 1753
216.975 145.03 27.8125 1756
212.812 122.869 24.934 1757
228.252 136.329 17.6433 1758
232.824 121.952 19.9958 1759
233.203 124.126 30.3315 1765
216.416 142.231 21.417 1767
216.23 144.296 22.2328 1768
218.119 146.724 29.0847 1769
218.049 129.226 20.4694 1772
225.84 142.749 16.4928 1773
235.438 130.425 21.1665 1774
225.054 130.796 25.523 1775
232.645 122.62 30.4128 1776
219.757 134.585 19.0859 1777
213.308 126.475 29.1661 1778
234.431 130.831 28.6766 1781
226.993 125.846 25.5378 1782
213.019 124.344 24.7828 1783
233.519 127.006 29.9625 1787
231.858 126.429 30.215 1788
221.308 129.899 21.1364 1789
221.769 131.976 31.6232 1792
227.314 132.711 29.2315 1795
215.405 136.955 27.729 1798
236.498 131.066 24.4453 1800
236.115 132.383 23.9456 1801
226.379 129.545 21.9923 1807
227.02 124.606 24.2922 1808
229.609 123.284 29.2489 1811
217.217 151.543 27.5065 1816
219.963 145.691 30.8151 1819
233.49 145.839 24.8219 1821
213.789 125.412 30.3346 1822
214.451 126.658 30.6443 1823
230.341 140.312 30.0698 1824
230.183 138.135 30.1263 1825
228.638 136.824 30.626 1832
234.532 137.414 24.9914 1833
221.479 124.313 23.006 1835
219.49 124.302 21.7598 1836
220.726 125.63 22.1287 1838
217.765 128.953 31.8897 1839
217.632 135.264 19.9082 1840
222.61 122.711 27.4902 1842
222.591 124.133 28.1053 1843
229.376 127.642 29.3939 1847
216.165 147.541 22.2838 1848
216.548 122.168 22.119 1849
215.084 121.063 22.7803 1850
214.649 122.529 22.9198 1851
233.221 133.395 19.3416 1852
217.949 126.497 32.0111 1855
216.606 137.441 29.4742 1856
212.455 122.01 25.5652 1858
217.269 124.56 21.6229 1859
220.485 131.347 20.0502 1860
230.063 124.66 29.7054 1862
230.562 125.755 29.9673 1865
230.283 142.42 30.1216 1870
226.985 126.725 22.3617 1871
219.824 128.717 31.7508 1872
214.476 124.369 31.3033 1873
216.103 126.636 31.6577 1874
222.362 121.077 26.4921 1875
222.628 133.495 31.7267 1877
215.356 123.172 32.2221 1879
229.188 121.784 28.591 1882
221.912 123.208 24.1046 1899
218.096 123.175 21.7616 1901
1 2 0 1030 1031 537 
3 1 0 1373 537 1569 
5 6 4 765 766 768 
8 9 7 1401 1402 1403 
13 11 12 1849 1850 1851 
16 14 15 1749 1191 650 
17 5 4 879 768 880 
18 13 12 944 1851 1475 
19 1 20 543 544 546 
23 21 22 901 902 904 
24 22 21 1110 902 1512 
26 27 25 339 1735 1666 
28 23 22 1772 904 1115 
9 29 30 1394 636 1395 
31 24 21 1619 1512 1244 
19 20 32 546 1575 1020 
34 35 33 1729 1516 791 
37 36 30 1184 1016 1185 
20 1 3 544 1373 1204 
20 3 38 1204 1205 1207 
41 39 40 1377 1528 1162 
40 43 42 980 1037 1160 
40 42 41 1160 1161 1162 
5 44 6 1544 1632 765 
46 14 45 1118 684 1119 
41 47 39 1374 1375 1377 
48 2 1 1874 1030 1855 
49 50 51 1259 1096 1261 
51 52 49 1821 309 1261 
50 54 53 1099 1100 1097 
26 25 55 1666 1667 392 
58 56 57 1435 1436 1437 
34 33 32 791 785 793 
55 25 59 1667 1700 1833 
13 18 60 944 945 947 
37 26 61 1579 1687 1801 
19 48 1 1057 1855 543 
64 62 63 1765 646 1776 
55 59 17 1833 741 428 
17 4 61 880 482 429 
66 30 36 1477 1016 1478 
9 30 66 1395 1477 839 
66 68 67 471 472 473 
61 4 69 482 483 485 
55 17 61 428 429 431 
55 61 26 431 1687 392 
73 44 5 1543 1544 1412 
51 50 53 1096 1097 591 
74 34 32 1710 793 1607 
58 76 75 1738 1612 1739 
79 25 27 1572 1735 1496 
80 6 44 1622 1632 1332 
78 74 38 548 1842 1875 
28 81 82 1113 1429 1860 
83 82 81 1777 1429 1840 
5 84 73 1713 1714 1412 
76 58 57 1738 1437 1340 
85 80 44 700 1332 1135 
87 79 86 1752 1753 1388 
59 84 17 1568 1275 741 
5 17 84 879 1275 1713 
14 46 15 1118 1190 1191 
53 45 88 1537 683 590 
88 45 14 683 684 686 
22 81 28 1112 1113 1115 
89 4 6 1781 766 1605 
89 69 4 1026 483 1781 
90 91 92 627 1128 1129 
38 74 20 1842 1843 1207 
20 74 32 1843 1607 1575 
73 84 95 1714 1825 1832 
96 82 83 1691 1777 1507 
31 21 97 1244 1256 1257 
78 11 98 1740 1741 1743 
66 36 68 1478 1354 471 
47 41 100 1374 1633 1295 
47 100 101 1295 514 1296 
88 51 53 412 591 590 
102 103 73 752 1795 1462 
104 56 54 1627 1628 1629 
29 105 106 315 1350 865 
73 95 101 1832 998 1515 
107 93 75 1549 1550 1552 
22 108 81 1108 1525 1112 
83 43 109 940 941 942 
110 83 109 1048 942 1049 
114 48 113 1234 1490 1131 
104 54 50 1629 1099 1650 
61 69 37 485 1800 1801 
69 36 37 1199 1184 1800 
78 98 74 1743 1899 548 
74 98 34 1899 1835 1710 
106 105 115 1350 731 1482 
116 106 115 507 1482 1643 
76 107 75 929 1552 1612 
107 76 117 929 970 1848 
24 118 108 1306 1307 1107 
24 108 22 1107 1108 1110 
117 119 109 969 1379 1381 
120 100 41 668 1633 1634 
119 76 57 972 1340 1383 
119 117 76 969 970 972 
14 121 88 1053 414 686 
121 51 88 411 412 414 
85 122 92 798 920 697 
119 110 109 661 1049 1379 
125 126 124 1708 1630 1424 
114 113 31 1131 434 1132 
70 71 127 559 560 300 
127 128 105 807 1683 1684 
85 92 80 697 698 700 
13 98 11 1901 1741 1849 
127 129 70 297 298 300 
132 130 131 1725 573 1726 
127 105 129 1684 1469 297 
134 100 120 1657 668 1501 
51 121 52 411 1638 1821 
52 121 135 1638 1640 1454 
136 98 13 1836 1901 1859 
130 134 137 1291 1292 1293 
119 57 138 1383 1722 1723 
139 108 118 1526 1307 1172 
103 85 44 568 1135 923 
7 66 67 351 473 801 
9 66 7 839 351 1402 
60 97 21 1553 1256 991 
126 142 124 756 803 1630 
63 62 91 646 1862 1811 
63 91 143 1811 625 1882 
43 83 139 940 1625 1428 
96 83 110 1507 1048 1737 
92 144 80 1298 1847 698 
137 113 48 1273 1490 1839 
84 135 95 1531 1824 1825 
32 33 131 785 786 788 
134 132 100 1792 1877 1657 
130 132 134 1725 1792 1291 
31 113 145 434 357 1716 
125 0 2 1879 1031 1873 
126 125 2 1708 1873 1822 
32 131 19 788 572 1020 
130 19 131 571 572 573 
60 136 13 1481 1859 947 
91 62 144 1862 1865 1297 
91 144 92 1297 1298 1128 
73 103 44 1795 923 1543 
83 81 139 1840 1524 1625 
139 81 108 1524 1525 1526 
24 31 145 1619 1716 477 
24 145 118 477 1724 1306 
130 137 19 1293 1872 571 
137 48 19 1839 1057 1872 
59 52 135 1453 1454 1455 
84 59 135 1568 1455 1531 
8 70 129 1759 298 1673 
8 129 9 1673 1671 1401 
132 131 146 1726 1615 690 
33 146 131 1583 1615 786 
9 129 29 1671 1468 1394 
29 129 105 1468 1469 315 
147 93 107 1816 1549 1706 
34 98 136 1835 1836 1838 
35 34 136 1729 1838 1270 
43 139 42 1428 782 1037 
118 42 139 1210 782 1172 
103 148 85 565 566 568 
146 148 103 1775 565 753 
48 114 2 1234 1823 1874 
126 2 114 1822 1823 1778 
126 97 142 1156 1157 756 
97 60 18 1553 945 1554 
138 149 119 1773 659 1723 
87 149 138 1391 1773 1447 
150 96 110 961 1737 1285 
143 90 71 624 932 809 
90 143 91 624 625 627 
31 97 114 1257 1654 1132 
119 149 110 659 660 661 
87 138 49 1447 1565 375 
97 126 114 1156 1778 1654 
116 151 27 1658 1308 1711 
52 153 49 1715 377 309 
30 29 154 636 868 555 
117 109 155 1381 1767 1768 
156 82 96 976 1691 1692 
62 157 144 1788 895 1865 
89 158 68 1686 1068 1028 
95 159 160 531 532 534 
62 64 158 1765 747 1689 
162 163 115 1807 1678 729 
102 73 101 1462 1515 995 
162 128 122 1871 1505 1697 
118 145 164 1724 1651 985 
118 164 42 985 1798 1210 
97 18 142 1554 1783 1157 
6 157 89 1604 418 1605 
120 165 134 1597 1676 1501 
134 165 137 1676 1274 1292 
110 149 150 660 1284 1285 
79 153 25 1570 1571 1572 
33 166 146 1518 1267 1583 
146 166 167 1267 737 760 
121 159 135 1052 1870 1640 
95 135 159 1824 1870 531 
116 168 151 1646 1220 1658 
27 26 169 339 1578 1852 
154 106 169 866 505 1663 
29 106 154 865 866 868 
96 170 156 1712 1288 1692 
160 16 47 401 402 404 
16 160 159 401 532 1007 
103 102 146 752 691 753 
102 132 146 380 690 691 
67 158 64 1069 747 1661 
68 158 67 1068 1069 472 
153 87 49 374 375 377 
87 153 79 374 1570 1752 
56 104 57 1627 723 1436 
57 104 138 723 819 1722 
105 162 115 728 729 731 
162 105 128 728 1683 1871 
155 109 43 1767 941 979 
155 43 40 979 980 981 
144 157 80 895 1327 1847 
6 80 157 1622 1327 1604 
21 23 60 901 989 991 
136 60 23 1481 989 1271 
148 167 163 1044 1045 1046 
167 148 146 1044 1775 760 
49 138 104 1565 819 1397 
49 104 50 1397 1650 1259 
27 169 116 1852 504 1711 
116 169 106 504 505 507 
79 27 151 1496 1308 1362 
86 79 151 1753 1362 1758 
90 92 122 1129 920 1782 
90 122 128 1782 1505 1808 
153 59 25 1699 1700 1571 
59 153 52 1699 1715 1453 
33 35 166 1516 1517 1518 
28 166 35 1789 1517 1102 
115 163 168 1678 1159 1644 
116 115 168 1643 1644 1646 
171 107 117 1707 1848 717 
171 147 107 1705 1706 1707 
37 169 26 1577 1578 1579 
37 154 169 1774 1663 1577 
37 30 154 1185 555 1774 
147 39 15 1769 1819 890 
147 171 39 1705 1756 1769 
28 35 23 1102 1247 1772 
35 136 23 1270 1271 1247 
89 157 158 418 1787 1686 
62 158 157 1689 1787 1788 
162 148 163 1717 1046 1807 
156 167 82 974 735 976 
156 163 167 1487 1045 974 
86 151 170 1758 619 1416 
168 170 151 1656 619 1220 
155 171 117 1648 717 1768 
163 156 168 1487 1488 1159 
168 156 170 1488 1288 1656 
165 145 113 356 357 359 
165 113 137 359 1273 1274 
12 124 142 1858 803 1757 
142 18 12 1783 1475 1757 
164 41 42 1856 1161 1798 
120 41 164 1634 1856 1175 
46 93 147 1562 1816 1241 
15 46 147 1190 1241 890 
14 16 159 1749 1007 1051 
14 159 121 1051 1052 1053 
68 69 89 1025 1026 1028 
68 36 69 1354 1199 1025 
160 101 95 997 998 534 
47 101 160 1296 997 404 
102 100 132 1545 1877 380 
101 100 102 514 1545 995 
165 164 145 1596 1651 356 
120 164 165 1175 1596 1597 
128 71 90 1442 932 1808 
128 127 71 807 560 1442 
15 39 47 1819 1375 648 
15 47 16 648 402 650 
85 148 122 566 796 798 
148 162 122 1717 1697 796 
150 86 170 1415 1416 1418 
96 150 170 961 1418 1712 
28 82 166 1860 734 1789 
166 82 167 734 735 737 
40 39 171 1528 1756 1718 
40 171 155 1718 1648 981 
150 149 86 1284 1389 1415 
87 86 149 1388 1389 1391 
