ZONE
0.0450807 0.0169052 0.723749 0.00468774
0.0450807 0.075 0.79679 -0.000664516
0.0450807 0.133095 0.852175 -0.00452313
0.2 0.0169052 0.422487 -5.68027e-05
0.2 0.075 0.5546 0.000117551
0.2 0.133095 0.663636 -0.000414786
0.354919 0.0169052 -0.0140413 -0.014175
0.354919 0.075 0.158884 -0.00869716
0.354919 0.133095 0.322582 -0.00409318
ZONE
0.445081 0.0169052 -0.277089 0.000883269
0.445081 0.075 -0.109798 0.00577436
0.445081 0.133095 0.0639548 0.0104759
0.6 0.0169052 -0.634722 -0.000574349
0.6 0.075 -0.519022 -0.00161252
0.6 0.133095 -0.380561 -0.00161514
0.754919 0.0169052 -0.837888 0.00392933
0.754919 0.075 -0.777792 -0.000159366
0.754919 0.133095 -0.699067 -0.00483503
ZONE
0.845081 0.0169052 -0.902313 -0.00335273
0.845081 0.075 -0.864337 -0.00395245
0.845081 0.133095 -0.813048 -0.00409061
1 0.0169052 -0.960264 0.000375906
1 0.075 -0.944155 0.000655047
1 0.133095 -0.921776 0.000717759
1.15492 0.0169052 -0.984123 0.00275039
1.15492 0.075 -0.977576 0.00342499
1.15492 0.133095 -0.968373 0.00407107
ZONE
1.24508 0.0169052 -0.990726 -0.00044592
1.24508 0.075 -0.986884 -0.000895559
1.24508 0.133095 -0.981465 -0.0014199
1.4 0.0169052 -0.996329 9.98389e-06
1.4 0.075 -0.994802 -5.09433e-05
1.4 0.133095 -0.992642 -0.000110173
1.55492 0.0169052 -0.998549 0.000295436
1.55492 0.075 -0.997945 0.000427807
1.55492 0.133095 -0.997089 0.000605291
ZONE
1.64508 0.0169052 -0.999155 -2.9566e-05
1.64508 0.075 -0.998803 -3.36366e-05
1.64508 0.133095 -0.998304 -4.77664e-05
1.8 0.0169052 -0.999666 4.6285e-06
1.8 0.075 -0.999527 9.55883e-06
1.8 0.133095 -0.99933 1.12634e-05
1.95492 0.0169052 -0.999868 2.69352e-05
1.95492 0.075 -0.999813 3.78608e-05
1.95492 0.133095 -0.999736 5.21042e-05
ZONE
0.0450807 0.166905 0.877657 -0.00506516
0.0450807 0.225 0.91208 -0.00644653
0.0450807 0.283095 0.937142 -0.00674175
0.2 0.166905 0.716646 -0.000510065
0.2 0.225 0.791338 -0.0014503
0.2 0.283095 0.848083 -0.00215897
0.354919 0.166905 0.410288 -0.00349003
0.354919 0.225 0.544297 -0.000806781
0.354919 0.283095 0.655297 0.00102414
ZONE
0.445081 0.166905 0.16398 0.010389
0.445081 0.225 0.327261 0.0125849
0.445081 0.283095 0.473089 0.0122061
0.6 0.166905 -0.290657 -0.00271882
0.6 0.225 -0.124353 -0.00106598
0.6 0.283095 0.0492444 0.00107554
0.754919 0.166905 -0.643452 -0.00734855
0.754919 0.225 -0.529722 -0.0110753
0.754919 0.283095 -0.39311 -0.0128397
ZONE
0.845081 0.166905 -0.775717 -0.00303674
0.845081 0.225 -0.696382 -0.0023025
0.845081 0.283095 -0.595379 -0.00105503
1 0.166905 -0.905019 0.0013906
1 0.225 -0.868022 0.000982744
1 0.283095 -0.817991 0.000234734
1.15492 0.166905 -0.961397 0.00481316
1.15492 0.225 -0.945735 0.00509944
1.15492 0.283095 -0.923965 0.00491831
ZONE
1.24508 0.166905 -0.977343 -0.00153909
1.24508 0.225 -0.968046 -0.00228191
1.24508 0.283095 -0.955019 -0.00313391
1.4 0.166905 -0.990995 -4.18976e-05
1.4 0.225 -0.987263 -7.00979e-05
1.4 0.283095 -0.981999 -5.2717e-05
1.55492 0.166905 -0.996435 0.000772748
1.55492 0.225 -0.994953 0.00106278
1.55492 0.283095 -0.992855 0.00145013
ZONE
1.64508 0.166905 -0.997923 -3.7713e-05
1.64508 0.225 -0.997058 -8.92091e-05
1.64508 0.283095 -0.995834 -0.000177357
1.8 0.166905 -0.99918 1.99764e-05
1.8 0.225 -0.998838 1.27572e-05
1.8 0.283095 -0.998354 -1.57535e-06
1.95492 0.166905 -0.999676 6.55845e-05
1.95492 0.225 -0.999541 8.89139e-05
1.95492 0.283095 -0.99935 0.000122194
ZONE
0.0450807 0.316905 0.948385 -0.00590745
0.0450807 0.375 0.963297 -0.00529907
0.0450807 0.433095 0.973958 -0.00451855
0.2 0.316905 0.874222 -0.00151845
0.2 0.375 0.909565 -0.00173449
0.2 0.433095 0.93532 -0.00170607
0.354919 0.316905 0.709391 0.00220682
0.354919 0.375 0.785756 0.00307079
0.354919 0.433095 0.843887 0.00345994
ZONE
0.445081 0.316905 0.547969 0.0100443
0.445081 0.375 0.658272 0.0063552
0.445081 0.433095 0.746075 0.00210091
0.6 0.316905 0.149585 -0.00014983
0.6 0.375 0.314021 0.00145272
0.6 0.433095 0.461554 0.00218434
0.754919 0.316905 -0.30411 -0.0142503
0.754919 0.375 -0.138855 -0.0119795
0.754919 0.433095 0.0345125 -0.00804914
ZONE
0.845081 0.316905 -0.525947 -0.000313411
0.845081 0.375 -0.388678 0.0022106
0.845081 0.433095 -0.231674 0.00571696
1 0.316905 -0.781528 0.000531328
1 0.375 -0.703906 -0.000502302
1 0.433095 -0.604822 -0.00142549
1.15492 0.316905 -0.907654 0.00529173
1.15492 0.375 -0.871614 0.00377757
1.15492 0.433095 -0.822816 0.00111027
ZONE
1.24508 0.316905 -0.94518 -0.00318067
1.24508 0.375 -0.923196 -0.00404858
1.24508 0.433095 -0.892881 -0.00469606
1.4 0.316905 -0.977995 0.000216756
1.4 0.375 -0.96896 0.000304001
1.4 0.433095 -0.956299 0.00042441
1.55492 0.316905 -0.991255 0.00182231
1.55492 0.375 -0.987631 0.00236384
1.55492 0.433095 -0.982518 0.00298795
ZONE
1.64508 0.316905 -0.9949 -0.000190221
1.64508 0.375 -0.99278 -0.000379473
1.64508 0.433095 -0.989785 -0.000654496
1.8 0.316905 -0.997984 9.10352e-06
1.8 0.375 -0.997144 -1.91118e-05
1.8 0.433095 -0.995955 -5.23172e-05
1.95492 0.316905 -0.999204 0.000155088
1.95492 0.375 -0.998872 0.000215156
1.95492 0.433095 -0.998401 0.000304228
ZONE
0.0450807 0.466905 0.978689 -0.00373025
0.0450807 0.525 0.984913 -0.00293069
0.0450807 0.583095 0.98933 -0.00224047
0.2 0.466905 0.94688 -0.00100158
0.2 0.525 0.962218 -0.000786193
0.2 0.583095 0.973188 -0.000592806
0.354919 0.466905 0.870698 0.00435266
0.354919 0.525 0.906982 0.00397638
0.354919 0.583095 0.933446 0.00327496
ZONE
0.445081 0.466905 0.78775 0.000407472
0.445081 0.525 0.845387 -0.00286554
0.445081 0.583095 0.888349 -0.00496548
0.6 0.466905 0.537559 0.00144115
0.6 0.525 0.649827 0.000819946
0.6 0.583095 0.739459 -0.000129844
0.754919 0.466905 0.135126 -0.00785051
0.754919 0.525 0.300657 -0.00382502
0.754919 0.583095 0.449861 -0.000685774
ZONE
0.845081 0.466905 -0.133721 0.00598977
0.845081 0.525 0.0397371 0.0103044
0.845081 0.583095 0.210832 0.0137027
1 0.466905 -0.53654 -0.00200015
1 0.525 -0.401134 -0.00183374
1 0.583095 -0.245591 -0.000745572
1.15492 0.466905 -0.787206 -0.000168429
1.15492 0.525 -0.711274 -0.00433889
1.15492 0.583095 -0.614098 -0.00861488
ZONE
1.24508 0.466905 -0.870351 -0.0040582
1.24508 0.525 -0.821119 -0.00405043
1.24508 0.583095 -0.755633 -0.00357688
1.4 0.466905 -0.946732 0.00100393
1.4 0.525 -0.925346 0.0010019
1.4 0.583095 -0.895834 0.00081607
1.55492 0.466905 -0.978628 0.00361767
1.55492 0.525 -0.96985 0.00423613
1.55492 0.583095 -0.957543 0.00473659
ZONE
1.64508 0.466905 -0.987502 -0.000720262
1.64508 0.525 -0.982336 -0.00118439
1.64508 0.583095 -0.975061 -0.00178614
1.8 0.466905 -0.995048 -1.93657e-05
1.8 0.525 -0.99299 -5.2557e-05
1.8 0.583095 -0.990081 -6.57675e-05
1.95492 0.466905 -0.998042 0.000391347
1.95492 0.525 -0.997227 0.000551963
1.95492 0.583095 -0.996073 0.00078589
ZONE
0.0450807 0.616905 0.99128 -0.00177342
0.0450807 0.675 0.993839 -0.00128271
0.0450807 0.733095 0.995648 -0.000919344
0.2 0.616905 0.978057 -0.000213656
0.2 0.675 0.984465 -0.000104711
0.2 0.733095 0.989012 -6.17643e-05
0.354919 0.616905 0.945332 0.00334997
0.354919 0.675 0.961108 0.00251064
0.354919 0.733095 0.972396 0.00173077
ZONE
0.445081 0.616905 0.907906 -0.00481297
0.445081 0.675 0.934116 -0.0053595
0.445081 0.733095 0.953051 -0.0052976
0.6 0.616905 0.782084 2.07662e-05
0.6 0.675 0.841123 -0.000862354
0.6 0.733095 0.885197 -0.00143091
0.754919 0.616905 0.526982 -8.75511e-05
0.754919 0.675 0.641219 0.00161207
0.754919 0.733095 0.732697 0.00275873
ZONE
0.845081 0.616905 0.305409 0.0128323
0.845081 0.675 0.454024 0.0126292
0.845081 0.733095 0.581047 0.0100728
1 0.616905 -0.148185 -0.00192487
1 0.675 0.0249948 0.000226406
1 0.733095 0.196687 0.00228733
1.15492 0.616905 -0.546966 -0.0110469
1.15492 0.675 -0.413444 -0.0129809
1.15492 0.733095 -0.259408 -0.0124278
ZONE
1.24508 0.616905 -0.70868 -0.00238516
1.24508 0.675 -0.610829 -0.00107963
1.24508 0.733095 -0.489922 0.000838613
1.4 0.616905 -0.873884 0.00145261
1.4 0.675 -0.825868 0.000796792
1.4 0.733095 -0.761895 -0.000151607
1.55492 0.616905 -0.948241 0.00545671
1.55492 0.675 -0.927439 0.00536314
1.55492 0.733095 -0.898711 0.0045735
ZONE
1.64508 0.616905 -0.969537 -0.00190329
1.64508 0.675 -0.957106 -0.0027264
1.64508 0.733095 -0.939756 -0.00358451
1.8 0.616905 -0.987863 7.12168e-05
1.8 0.675 -0.982845 0.000117444
1.8 0.733095 -0.975777 0.000228186
1.95492 0.616905 -0.995191 0.00101301
1.95492 0.675 -0.993193 0.0014061
1.95492 0.733095 -0.990368 0.00192936
ZONE
0.0450807 0.766905 0.996446 -0.000712631
0.0450807 0.825 0.99749 -0.000499474
0.0450807 0.883095 0.998228 -0.000353891
0.2 0.766905 0.99102 6.12185e-05
0.2 0.825 0.993655 4.78795e-05
0.2 0.883095 0.995518 1.6897e-05
0.354919 0.766905 0.977407 0.00161938
0.354919 0.825 0.984003 0.00106561
0.354919 0.883095 0.988684 0.000644009
ZONE
0.445081 0.766905 0.961505 -0.00456201
0.445081 0.825 0.97268 -0.00400546
0.445081 0.883095 0.980642 -0.00336898
0.6 0.766905 0.905278 -0.000772642
0.6 0.825 0.93221 -0.000890083
0.6 0.883095 0.951679 -0.000855899
0.754919 0.766905 0.776287 0.00395649
0.754919 0.825 0.836752 0.00428739
0.754919 0.883095 0.881961 0.00415346
ZONE
0.845081 0.766905 0.64429 0.00760912
0.845081 0.825 0.735111 0.00323822
0.845081 0.883095 0.805487 -0.000747056
1 0.766905 0.291967 0.00114556
1 0.825 0.44223 0.00196164
1 0.883095 0.571188 0.00188507
1.15492 0.766905 -0.162586 -0.013057
1.15492 0.825 0.0102416 -0.00924879
1.15492 0.883095 0.18246 -0.00488639
ZONE
1.24508 0.766905 -0.409097 0.00136499
1.24508 0.825 -0.254522 0.00480835
1.24508 0.883095 -0.0857467 0.00903401
1.4 0.766905 -0.715949 -9.3514e-05
1.4 0.825 -0.619997 -0.000969323
1.4 0.883095 -0.501056 -0.00139589
1.55492 0.766905 -0.877327 0.00456776
1.55492 0.825 -0.830504 0.0021203
1.55492 0.883095 -0.768017 -0.00147419
ZONE
1.64508 0.766905 -0.926703 -0.00346067
1.64508 0.825 -0.8977 -0.00411436
1.64508 0.883095 -0.858064 -0.00441232
1.8 0.766905 -0.97041 0.000633044
1.8 0.825 -0.958327 0.000804434
1.8 0.883095 -0.941457 0.000965787
1.95492 0.766905 -0.988214 0.00242803
1.95492 0.825 -0.98334 0.00314004
1.95492 0.883095 -0.976474 0.00394382
ZONE
0.0450807 0.916905 0.998553 -0.000275278
0.0450807 0.975 0.998979 -0.00019498
0.0450807 1.03309 0.999279 -0.000141006
0.2 0.916905 0.996339 4.66e-05
0.2 0.975 0.997415 1.65491e-05
0.2 1.03309 0.998175 -8.86413e-06
0.354919 0.916905 0.990753 0.000587087
0.354919 0.975 0.993465 0.000341817
0.354919 1.03309 0.995384 0.000174584
ZONE
0.445081 0.916905 0.984168 -0.00276453
0.445081 0.975 0.988802 -0.00215749
0.445081 1.03309 0.992084 -0.00164187
0.6 0.916905 0.960375 -0.000308227
0.6 0.975 0.971873 -0.000190761
0.6 1.03309 0.980068 -0.000116099
0.754919 0.916905 0.902578 0.00468526
0.754919 0.975 0.93025 0.00395631
0.754919 1.03309 0.950267 0.00305428
ZONE
0.845081 0.916905 0.838314 -0.00179325
0.845081 0.975 0.883118 -0.00412386
0.845081 1.03309 0.916073 -0.00535565
1 0.916905 0.635576 0.00141574
1 0.975 0.728254 0.00041786
1 1.03309 0.800242 -0.000593895
1.15492 0.916905 0.27841 -0.00457527
1.15492 0.975 0.430281 -0.00132373
1.15492 1.03309 0.561161 0.000979557
ZONE
1.24508 0.916905 0.0154725 0.00918241
1.24508 0.975 0.187513 0.0128062
1.24508 1.03309 0.34877 0.01448
1.4 0.916905 -0.42131 -0.00221537
1.4 0.975 -0.268271 -0.00118269
1.4 1.03309 -0.100377 0.000669864
1.55492 0.916905 -0.723067 -0.00338507
1.55492 0.975 -0.628999 -0.00761878
1.55492 1.03309 -0.512027 -0.0109448
ZONE
1.64508 0.916905 -0.828874 -0.00345097
1.64508 0.975 -0.765862 -0.00298198
1.64508 1.03309 -0.683662 -0.00206804
1.8 0.916905 -0.928759 0.00166222
1.8 0.975 -0.900527 0.0015568
1.8 1.03309 -0.861907 0.00114677
1.95492 0.916905 -0.971258 0.00475183
1.95492 0.975 -0.959515 0.00547285
1.95492 1.03309 -0.943111 0.00594831
ZONE
0.0450807 1.06691 0.999412 -0.000111509
0.0450807 1.125 0.999585 -8.18953e-05
0.0450807 1.18309 0.999707 -6.12862e-05
0.2 1.06691 0.99851 8.56307e-07
0.2 1.125 0.998948 -1.27079e-05
0.2 1.18309 0.999258 -2.06673e-05
0.354919 1.06691 0.99623 0.000165467
0.354919 1.125 0.997338 8.77349e-05
0.354919 1.18309 0.998121 4.01154e-05
ZONE
0.445081 1.06691 0.993533 -0.00129686
0.445081 1.125 0.995432 -0.000937872
0.445081 1.18309 0.996774 -0.000672913
0.6 1.06691 0.983698 0.000122468
0.6 1.125 0.988468 0.000128019
0.6 1.18309 0.991848 9.579e-05
0.754919 1.06691 0.959212 0.00297158
0.754919 1.125 0.971042 0.00213969
0.754919 1.18309 0.979477 0.00143276
ZONE
0.845081 1.06691 0.930951 -0.0048955
0.845081 1.125 0.950772 -0.00493722
0.845081 1.18309 0.965006 -0.00459551
1 1.06691 0.833873 -0.000219749
1 1.125 0.879827 -0.000884333
1 1.18309 0.913667 -0.00124372
1.15492 1.06691 0.626697 0.00184612
1.15492 1.125 0.721248 0.00300219
1.15492 1.18309 0.794872 0.00368078
ZONE
1.24508 1.06691 0.434535 0.0128664
1.24508 1.125 0.564735 0.0105638
1.24508 1.18309 0.671814 0.00666397
1.4 1.06691 0.000715749 -0.000537676
1.4 1.125 0.173235 0.00162164
1.4 1.18309 0.335741 0.0032027
1.55492 1.06691 -0.433373 -0.0129614
1.55492 1.125 -0.281912 -0.0126586
1.55492 1.18309 -0.114963 -0.00992615
ZONE
1.64508 1.06691 -0.625827 -0.00101493
1.64508 1.125 -0.508157 0.00086042
1.64508 1.18309 -0.36787 0.00359061
1.8 1.06691 -0.833436 0.00166151
1.8 1.125 -0.771895 0.000704857
1.8 1.18309 -0.691443 -0.00048395
1.95492 1.06691 -0.93076 0.00670529
1.95492 1.125 -0.90328 0.00608774
1.95492 1.18309 -0.865654 0.00423557
ZONE
0.0450807 1.21691 0.999761 -4.92506e-05
0.0450807 1.275 0.999831 -3.65468e-05
0.0450807 1.33309 0.999881 -2.70409e-05
0.2 1.21691 0.999394 -1.39497e-05
0.2 1.275 0.999572 -1.4997e-05
0.2 1.33309 0.999698 -1.39556e-05
0.354919 1.21691 0.998465 4.63842e-05
0.354919 1.275 0.998917 2.58917e-05
0.354919 1.33309 0.999235 1.308e-05
ZONE
0.445081 1.21691 0.997366 -0.000521669
0.445081 1.275 0.99814 -0.000366367
0.445081 1.33309 0.998687 -0.000260349
0.6 1.21691 0.99334 0.000157722
0.6 1.275 0.995295 0.000108203
0.6 1.33309 0.996678 5.75603e-05
0.754919 1.21691 0.983214 0.00131353
0.754919 1.275 0.988125 0.000847773
0.754919 1.33309 0.991605 0.000507168
ZONE
0.845081 1.21691 0.971339 -0.00389131
0.845081 1.275 0.979689 -0.00328473
0.845081 1.33309 0.985623 -0.00267284
1 1.21691 0.928956 -0.000600961
1 1.275 0.949335 -0.000628233
1 1.33309 0.963977 -0.00059823
1.15492 1.21691 0.829321 0.00474401
1.15492 1.275 0.876449 0.00457119
1.15492 1.33309 0.911196 0.00392533
ZONE
1.24508 1.21691 0.723749 0.00438922
1.24508 1.275 0.79679 0.000212887
1.24508 1.33309 0.852175 -0.00304708
1.4 1.21691 0.422487 0.0022646
1.4 1.275 0.5546 0.00235433
1.4 1.33309 0.663636 0.0017867
1.55492 1.21691 -0.0140413 -0.00991907
1.55492 1.275 0.158884 -0.00535709
1.55492 1.33309 0.322582 -0.00106303
ZONE
1.64508 1.21691 -0.277089 0.00400129
1.64508 1.275 -0.109798 0.00835127
1.64508 1.33309 0.0639548 0.012984
1.8 1.21691 -0.634722 -0.000857019
1.8 1.275 -0.519022 -0.00157216
1.8 1.33309 -0.380561 -0.00153747
1.95492 1.21691 -0.837888 0.00334694
1.95492 1.275 -0.777792 -0.00106909
1.95492 1.33309 -0.699067 -0.00678637
ZONE
0.0450807 1.36691 0.999903 -2.13574e-05
0.0450807 1.425 0.999931 -1.50101e-05
0.0450807 1.48309 0.999952 -1.01233e-05
0.2 1.36691 0.999754 -8.91714e-06
0.2 1.425 0.999826 -5.79067e-06
0.2 1.48309 0.999877 -2.12233e-06
0.354919 1.36691 0.999376 1.76793e-05
0.354919 1.425 0.999559 1.27266e-05
0.354919 1.48309 0.999689 1.10285e-05
ZONE
0.445081 1.36691 0.998928 -0.000203338
0.445081 1.425 0.999243 -0.00014591
0.445081 1.48309 0.999466 -0.000106547
0.6 1.36691 0.997287 6.86014e-05
0.6 1.425 0.998085 2.99282e-05
0.6 1.48309 0.998648 -2.2804e-06
0.754919 1.36691 0.993141 0.000462245
0.754919 1.425 0.995155 0.000277052
0.754919 1.48309 0.996578 0.000148845
ZONE
0.845081 1.36691 0.988248 -0.00216307
0.845081 1.425 0.991692 -0.00162181
0.845081 1.48309 0.99413 -0.00115416
1 1.36691 0.970494 -0.00019915
1 1.425 0.979087 -0.00015609
1 1.48309 0.985196 -0.00011753
1.15492 1.36691 0.926905 0.00406057
1.15492 1.425 0.947856 0.00292131
1.15492 1.48309 0.962918 0.00166199
ZONE
1.24508 1.36691 0.877657 -0.00352226
1.24508 1.425 0.91208 -0.00520571
1.24508 1.48309 0.937142 -0.00627666
1.4 1.36691 0.716646 0.00170976
1.4 1.425 0.791338 0.000716146
1.4 1.48309 0.848083 -0.000231562
1.55492 1.36691 0.410288 -0.000429438
1.55492 1.425 0.544297 0.00275122
1.55492 1.48309 0.655297 0.00581386
ZONE
1.64508 1.36691 0.16398 0.0130231
1.64508 1.425 0.327261 0.0158434
1.64508 1.48309 0.473089 0.0167504
1.8 1.36691 -0.290657 -0.00268866
1.8 1.425 -0.124353 -0.00112214
1.8 1.48309 0.0492444 0.000824352
1.95492 1.36691 -0.643452 -0.0102199
1.95492 1.425 -0.529722 -0.0153649
1.95492 1.48309 -0.39311 -0.018175
