ZONE I=5, J=5
0 0 0.761594
0.1 0 0.663713
0.2 0 0.53705
0.3 0 0.381604
0.4 0 0.197375
0 0.0375 0.791198
0.1 0.0375 0.704212
0.2 0.0375 0.588195
0.3 0.0375 0.443147
0.4 0.0375 0.26907
0 0.075 0.817754
0.1 0.075 0.740848
0.2 0.075 0.635136
0.3 0.075 0.500619
0.4 0.075 0.337296
0 0.1125 0.841262
0.1 0.1125 0.773622
0.2 0.1125 0.677874
0.3 0.1125 0.554018
0.4 0.1125 0.402055
0 0.15 0.861723
0.1 0.15 0.802534
0.2 0.15 0.716408
0.3 0.15 0.603345
0.4 0.15 0.463345
ZONE I=5, J=5
0.4 0 0.197375
0.5 0 -0.00688455
0.6 0 -0.197375
0.7 0 -0.374097
0.8 0 -0.53705
0.4 0.0375 0.26907
0.5 0.0375 0.0681868
0.6 0.0375 -0.123936
0.7 0.0375 -0.307299
0.8 0.0375 -0.481901
0.4 0.075 0.337296
0.5 0.075 0.14185
0.6 0.075 -0.0499696
0.7 0.075 -0.238162
0.8 0.075 -0.422727
0.4 0.1125 0.402055
0.5 0.1125 0.214104
0.6 0.1125 0.0245237
0.7 0.1125 -0.166687
0.8 0.1125 -0.359527
0.4 0.15 0.463345
0.5 0.15 0.28495
0.6 0.15 0.0995439
0.7 0.15 -0.0928731
0.8 0.15 -0.292301
ZONE I=5, J=5
0.8 0 -0.53705
0.9 0 -0.66192
1 0 -0.761594
1.1 0 -0.836071
1.2 0 -0.885352
0.8 0.0375 -0.481901
0.9 0.0375 -0.618414
1 0.0375 -0.728284
1.1 0.0375 -0.81151
1.2 0.0375 -0.868094
0.8 0.075 -0.422727
0.9 0.075 -0.570701
1 0.075 -0.690938
1.1 0.075 -0.783438
1.2 0.075 -0.8482
0.8 0.1125 -0.359527
0.9 0.1125 -0.518781
1 0.1125 -0.649557
1.1 0.1125 -0.751854
1.2 0.1125 -0.825672
0.8 0.15 -0.292301
0.9 0.15 -0.462655
1 0.15 -0.604141
1.1 0.15 -0.716759
1.2 0.15 -0.800509
ZONE I=5, J=5
1.2 0 -0.885352
1.3 0 -0.920143
1.4 0 -0.946806
1.5 0 -0.965339
1.6 0 -0.975743
1.2 0.0375 -0.868094
1.3 0.0375 -0.907995
1.4 0.0375 -0.938593
1.5 0.0375 -0.959888
1.6 0.0375 -0.97188
1.2 0.075 -0.8482
1.3 0.075 -0.89386
1.4 0.075 -0.928933
1.5 0.075 -0.953419
1.6 0.075 -0.967319
1.2 0.1125 -0.825672
1.3 0.1125 -0.877739
1.4 0.1125 -0.917826
1.5 0.1125 -0.945933
1.6 0.1125 -0.96206
1.2 0.15 -0.800509
1.3 0.15 -0.859631
1.4 0.15 -0.905271
1.5 0.15 -0.937429
1.6 0.15 -0.956104
ZONE I=5, J=5
1.6 0 -0.975743
1.7 0 -0.983292
1.8 0 -0.989027
1.9 0 -0.992948
2 0 -0.995055
1.6 0.0375 -0.97188
1.7 0.0375 -0.980638
1.8 0.0375 -0.987289
1.9 0.0375 -0.991832
2 0.0375 -0.994267
1.6 0.075 -0.967319
1.7 0.075 -0.977494
1.8 0.075 -0.985221
1.9 0.075 -0.9905
2 0.075 -0.99333
1.6 0.1125 -0.96206
1.7 0.1125 -0.973861
1.8 0.1125 -0.982825
1.9 0.1125 -0.988953
2 0.1125 -0.992244
1.6 0.15 -0.956104
1.7 0.15 -0.969738
1.8 0.15 -0.980099
1.9 0.15 -0.987189
2 0.15 -0.991007
ZONE I=5, J=5
0 0.15 0.861723
0.1 0.15 0.802534
0.2 0.15 0.716408
0.3 0.15 0.603345
0.4 0.15 0.463345
0 0.1875 0.879707
0.1 0.1875 0.828057
0.2 0.1875 0.750923
0.3 0.1875 0.648306
0.4 0.1875 0.520206
0 0.225 0.895693
0.1 0.225 0.850801
0.2 0.225 0.782009
0.3 0.225 0.689316
0.4 0.225 0.572723
0 0.2625 0.90968
0.1 0.2625 0.870766
0.2 0.2625 0.809665
0.3 0.2625 0.726375
0.4 0.2625 0.620898
0 0.3 0.921669
0.1 0.3 0.887953
0.2 0.3 0.833891
0.3 0.3 0.759483
0.4 0.3 0.66473
ZONE I=5, J=5
0.4 0.15 0.463345
0.5 0.15 0.28495
0.6 0.15 0.0995439
0.7 0.15 -0.0928731
0.8 0.15 -0.292301
0.4 0.1875 0.520206
0.5 0.1875 0.352826
0.6 0.1875 0.173379
0.7 0.1875 -0.0181375
0.8 0.1875 -0.221722
0.4 0.225 0.572723
0.5 0.225 0.416969
0.6 0.225 0.244688
0.7 0.225 0.0558803
0.8 0.225 -0.149454
0.4 0.2625 0.620898
0.5 0.2625 0.477378
0.6 0.2625 0.313472
0.7 0.2625 0.12918
0.8 0.2625 -0.0754974
0.4 0.3 0.66473
0.5 0.3 0.534053
0.6 0.3 0.37973
0.7 0.3 0.201762
0.8 0.3 0.000148324
ZONE I=5, J=5
0.8 0.15 -0.292301
0.9 0.15 -0.462655
1 0.15 -0.604141
1.1 0.15 -0.716759
1.2 0.15 -0.800509
0.8 0.1875 -0.221722
0.9 0.1875 -0.402307
1 0.1875 -0.55424
1.1 0.1875 -0.677521
1.2 0.1875 -0.772151
0.8 0.225 -0.149454
0.9 0.225 -0.338671
1 0.225 -0.500179
1.1 0.225 -0.633979
1.2 0.225 -0.740071
0.8 0.2625 -0.0754974
0.9 0.2625 -0.271748
1 0.2625 -0.44196
1.1 0.2625 -0.586133
1.2 0.2625 -0.704268
0.8 0.3 0.000148324
0.9 0.3 -0.201538
1 0.3 -0.379582
1.1 0.3 -0.533983
1.2 0.3 -0.664742
ZONE I=5, J=5
1.2 0.15 -0.800509
1.3 0.15 -0.859631
1.4 0.15 -0.905271
1.5 0.15 -0.937429
1.6 0.15 -0.956104
1.2 0.1875 -0.772151
1.3 0.1875 -0.839085
1.4 0.1875 -0.890913
1.5 0.1875 -0.927635
1.6 0.1875 -0.949252
1.2 0.225 -0.740071
1.3 0.225 -0.815545
1.4 0.225 -0.874222
1.5 0.225 -0.916104
1.6 0.225 -0.941189
1.2 0.2625 -0.704268
1.3 0.2625 -0.789011
1.4 0.2625 -0.8552
1.5 0.2625 -0.902835
1.6 0.2625 -0.931915
1.2 0.3 -0.664742
1.3 0.3 -0.759483
1.4 0.3 -0.833845
1.5 0.3 -0.887828
1.6 0.3 -0.92143
ZONE I=5, J=5
1.6 0.15 -0.956104
1.7 0.15 -0.969738
1.8 0.15 -0.980099
1.9 0.15 -0.987189
2 0.15 -0.991007
1.6 0.1875 -0.949252
1.7 0.1875 -0.96499
1.8 0.1875 -0.976957
1.9 0.1875 -0.985154
2 0.1875 -0.989579
1.6 0.225 -0.941189
1.7 0.225 -0.959387
1.8 0.225 -0.973235
1.9 0.225 -0.982733
2 0.225 -0.98788
1.6 0.2625 -0.931915
1.7 0.2625 -0.952928
1.8 0.2625 -0.968932
1.9 0.2625 -0.979927
2 0.2625 -0.985912
1.6 0.3 -0.92143
1.7 0.3 -0.945613
1.8 0.3 -0.964049
1.9 0.3 -0.976736
2 0.3 -0.983675
ZONE I=5, J=5
0 0.3 0.921669
0.1 0.3 0.887953
0.2 0.3 0.833891
0.3 0.3 0.759483
0.4 0.3 0.66473
0 0.3375 0.932128
0.1 0.3375 0.902951
0.2 0.3375 0.855249
0.3 0.3375 0.789023
0.4 0.3375 0.704271
0 0.375 0.941376
0.1 0.375 0.91621
0.2 0.375 0.874272
0.3 0.375 0.815562
0.4 0.375 0.740079
0 0.4125 0.949412
0.1 0.4125 0.927731
0.2 0.4125 0.890961
0.3 0.4125 0.839102
0.4 0.4125 0.772154
0 0.45 0.956237
0.1 0.45 0.937513
0.2 0.45 0.905315
0.3 0.45 0.859642
0.4 0.45 0.800496
ZONE I=5, J=5
0.4 0.3 0.66473
0.5 0.3 0.534053
0.6 0.3 0.37973
0.7 0.3 0.201762
0.8 0.3 0.000148324
0.4 0.3375 0.704271
0.5 0.3375 0.586222
0.6 0.3375 0.442128
0.7 0.3375 0.271987
0.8 0.3375 0.0757995
0.4 0.375 0.740079
0.5 0.375 0.634081
0.6 0.375 0.500365
0.7 0.375 0.338933
0.8 0.375 0.149784
0.4 0.4125 0.772154
0.5 0.4125 0.677628
0.6 0.4125 0.554444
0.7 0.4125 0.402602
0.8 0.4125 0.222103
0.4 0.45 0.800496
0.5 0.45 0.716864
0.6 0.45 0.604363
0.7 0.45 0.462993
0.8 0.45 0.292754
ZONE I=5, J=5
0.8 0.3 0.000148324
0.9 0.3 -0.201538
1 0.3 -0.379582
1.1 0.3 -0.533983
1.2 0.3 -0.664742
0.8 0.3375 0.0757995
0.9 0.3375 -0.128964
1 0.3375 -0.313341
1.1 0.3375 -0.477332
1.2 0.3375 -0.620935
0.8 0.375 0.149784
0.9 0.375 -0.0556638
1 0.375 -0.244578
1.1 0.375 -0.416957
1.2 0.375 -0.572803
0.8 0.4125 0.222103
0.9 0.4125 0.0183635
1 0.4125 -0.173291
1.1 0.4125 -0.35286
1.2 0.4125 -0.520344
0.8 0.45 0.292754
0.9 0.45 0.0931175
1 0.45 -0.0994802
1.1 0.45 -0.285039
1.2 0.45 -0.463558
ZONE I=5, J=5
1.2 0.3 -0.664742
1.3 0.3 -0.759483
1.4 0.3 -0.833845
1.5 0.3 -0.887828
1.6 0.3 -0.92143
1.2 0.3375 -0.620935
1.3 0.3375 -0.726393
1.4 0.3375 -0.809627
1.5 0.3375 -0.870638
1.6 0.3375 -0.909425
1.2 0.375 -0.572803
1.3 0.375 -0.689357
1.4 0.375 -0.781981
1.5 0.375 -0.850673
1.6 0.375 -0.895434
1.2 0.4125 -0.520344
1.3 0.4125 -0.648376
1.4 0.4125 -0.750906
1.5 0.4125 -0.827934
1.6 0.4125 -0.879459
1.2 0.45 -0.463558
1.3 0.45 -0.603449
1.4 0.45 -0.716402
1.5 0.45 -0.802419
1.6 0.45 -0.861499
ZONE I=5, J=5
1.6 0.3 -0.92143
1.7 0.3 -0.945613
1.8 0.3 -0.964049
1.9 0.3 -0.976736
2 0.3 -0.983675
1.6 0.3375 -0.909425
1.7 0.3375 -0.937219
1.8 0.3375 -0.958428
1.9 0.3375 -0.973052
2 0.3375 -0.981091
1.6 0.375 -0.895434
1.7 0.375 -0.927382
1.8 0.375 -0.951797
1.9 0.375 -0.968678
2 0.375 -0.978026
1.6 0.4125 -0.879459
1.7 0.4125 -0.916103
1.8 0.4125 -0.944154
1.9 0.4125 -0.963613
2 0.4125 -0.97448
1.6 0.45 -0.861499
1.7 0.45 -0.903382
1.8 0.45 -0.935501
1.9 0.45 -0.957858
2 0.45 -0.970452
ZONE I=5, J=5
0 0.45 0.956237
0.1 0.45 0.937513
0.2 0.45 0.905315
0.3 0.45 0.859642
0.4 0.45 0.800496
0 0.4875 0.962167
0.1 0.4875 0.946006
0.2 0.4875 0.917863
0.3 0.4875 0.877737
0.4 0.4875 0.825629
0 0.525 0.967395
0.1 0.525 0.953488
0.2 0.525 0.928972
0.3 0.525 0.893845
0.4 0.525 0.848109
0 0.5625 0.97192
0.1 0.5625 0.959959
0.2 0.5625 0.938641
0.3 0.5625 0.907967
0.4 0.5625 0.867936
0 0.6 0.975743
0.1 0.6 0.965418
0.2 0.6 0.94687
0.3 0.6 0.920101
0.4 0.6 0.88511
ZONE I=5, J=5
0.4 0.45 0.800496
0.5 0.45 0.716864
0.6 0.45 0.604363
0.7 0.45 0.462993
0.8 0.45 0.292754
0.4 0.4875 0.825629
0.5 0.4875 0.751952
0.6 0.4875 0.649801
0.7 0.4875 0.519175
0.8 0.4875 0.360075
0.4 0.525 0.848109
0.5 0.525 0.783499
0.6 0.525 0.691187
0.7 0.525 0.571174
0.8 0.525 0.423459
0.4 0.5625 0.867936
0.5 0.5625 0.811503
0.6 0.5625 0.72852
0.7 0.5625 0.618988
0.8 0.5625 0.482906
0.4 0.6 0.88511
0.5 0.6 0.835965
0.6 0.6 0.761801
0.7 0.6 0.662618
0.8 0.6 0.538417
ZONE I=5, J=5
0.8 0.45 0.292754
0.9 0.45 0.0931175
1 0.45 -0.0994802
1.1 0.45 -0.285039
1.2 0.45 -0.463558
0.8 0.4875 0.360075
0.9 0.4875 0.166958
1 0.4875 -0.0244873
1.1 0.4875 -0.214261
1.2 0.4875 -0.402364
0.8 0.525 0.423459
0.9 0.525 0.23849
1 0.525 0.0499627
1.1 0.525 -0.142123
1.2 0.525 -0.337767
0.8 0.5625 0.482906
0.9 0.5625 0.307713
1 0.5625 0.12387
1.1 0.5625 -0.0686238
1.2 0.5625 -0.269767
0.8 0.6 0.538417
0.9 0.6 0.374628
1 0.6 0.197234
1.1 0.6 0.00623588
1.2 0.6 -0.198366
ZONE I=5, J=5
1.2 0.45 -0.463558
1.3 0.45 -0.603449
1.4 0.45 -0.716402
1.5 0.45 -0.802419
1.6 0.45 -0.861499
1.2 0.4875 -0.402364
1.3 0.4875 -0.55416
1.4 0.4875 -0.677881
1.5 0.4875 -0.773525
1.6 0.4875 -0.841092
1.2 0.525 -0.337767
1.3 0.525 -0.500795
1.4 0.525 -0.635122
1.5 0.525 -0.740747
1.6 0.525 -0.81767
1.2 0.5625 -0.269767
1.3 0.5625 -0.443354
1.4 0.5625 -0.588127
1.5 0.5625 -0.704086
1.6 0.5625 -0.791233
1.2 0.6 -0.198366
1.3 0.6 -0.381835
1.4 0.6 -0.536894
1.5 0.6 -0.663542
1.6 0.6 -0.76178
ZONE I=5, J=5
1.6 0.45 -0.861499
1.7 0.45 -0.903382
1.8 0.45 -0.935501
1.9 0.45 -0.957858
2 0.45 -0.970452
1.6 0.4875 -0.841092
1.7 0.4875 -0.888862
1.8 0.4875 -0.925571
1.9 0.4875 -0.95122
2 0.4875 -0.965808
1.6 0.525 -0.81767
1.7 0.525 -0.87204
1.8 0.525 -0.913938
1.9 0.525 -0.943364
2 0.525 -0.960319
1.6 0.5625 -0.791233
1.7 0.5625 -0.852914
1.8 0.5625 -0.9006
1.9 0.5625 -0.93429
2 0.5625 -0.953985
1.6 0.6 -0.76178
1.7 0.6 -0.831486
1.8 0.6 -0.885559
1.9 0.6 -0.923999
2 0.6 -0.946806
ZONE I=5, J=5
0 0.6 0.975743
0.1 0.6 0.965418
0.2 0.6 0.94687
0.3 0.6 0.920101
0.4 0.6 0.88511
0 0.6375 0.979057
0.1 0.6375 0.970149
0.2 0.6375 0.954033
0.3 0.6375 0.93071
0.4 0.6375 0.900179
0 0.675 0.981973
0.1 0.675 0.974311
0.2 0.675 0.960354
0.3 0.675 0.940101
0.4 0.675 0.913553
0 0.7125 0.984493
0.1 0.7125 0.977904
0.2 0.7125 0.965831
0.3 0.7125 0.948274
0.4 0.7125 0.925232
0 0.75 0.986614
0.1 0.75 0.980928
0.2 0.75 0.970466
0.3 0.75 0.955228
0.4 0.75 0.935215
ZONE I=5, J=5
0.4 0.6 0.88511
0.5 0.6 0.835965
0.6 0.6 0.761801
0.7 0.6 0.662618
0.8 0.6 0.538417
0.4 0.6375 0.900179
0.5 0.6375 0.857463
0.6 0.6375 0.791423
0.7 0.6375 0.702059
0.8 0.6375 0.589371
0.4 0.675 0.913553
0.5 0.675 0.876561
0.6 0.675 0.817985
0.7 0.675 0.737826
0.8 0.675 0.636083
0.4 0.7125 0.925232
0.5 0.7125 0.893258
0.6 0.7125 0.841487
0.7 0.7125 0.769918
0.8 0.7125 0.678552
0.4 0.75 0.935215
0.5 0.75 0.907554
0.6 0.75 0.861928
0.7 0.75 0.798337
0.8 0.75 0.716779
ZONE I=5, J=5
0.8 0.6 0.538417
0.9 0.6 0.374628
1 0.6 0.197234
1.1 0.6 0.00623588
1.2 0.6 -0.198366
0.8 0.6375 0.589371
0.9 0.6375 0.437833
1 0.6375 0.268331
1.1 0.6375 0.0808641
1.2 0.6375 -0.124568
0.8 0.675 0.636083
0.9 0.675 0.496918
1 0.675 0.33615
1.1 0.675 0.153779
1.2 0.675 -0.0501964
0.8 0.7125 0.678552
0.9 0.7125 0.551882
1 0.7125 0.400691
1.1 0.7125 0.22498
1.2 0.7125 0.0247475
0.8 0.75 0.716779
0.9 0.75 0.602725
1 0.75 0.461954
1.1 0.75 0.294467
1.2 0.75 0.100264
ZONE I=5, J=5
1.2 0.6 -0.198366
1.3 0.6 -0.381835
1.4 0.6 -0.536894
1.5 0.6 -0.663542
1.6 0.6 -0.76178
1.2 0.6375 -0.124568
1.3 0.6375 -0.316499
1.4 0.6375 -0.48117
1.5 0.6375 -0.618579
1.6 0.6375 -0.728727
1.2 0.675 -0.0501964
1.3 0.675 -0.248582
1.4 0.675 -0.421618
1.5 0.675 -0.569306
1.6 0.675 -0.691646
1.2 0.7125 0.0247475
1.3 0.7125 -0.178082
1.4 0.7125 -0.358239
1.5 0.7125 -0.515724
1.6 0.7125 -0.650535
1.2 0.75 0.100264
1.3 0.75 -0.105002
1.4 0.75 -0.291033
1.5 0.75 -0.457831
1.6 0.75 -0.605394
ZONE I=5, J=5
1.6 0.6 -0.76178
1.7 0.6 -0.831486
1.8 0.6 -0.885559
1.9 0.6 -0.923999
2 0.6 -0.946806
1.6 0.6375 -0.728727
1.7 0.6375 -0.807247
1.8 0.6375 -0.868391
1.9 0.6375 -0.912159
2 0.6375 -0.938552
1.6 0.675 -0.691646
1.7 0.675 -0.779658
1.8 0.675 -0.848531
1.9 0.675 -0.898264
2 0.675 -0.928858
1.6 0.7125 -0.650535
1.7 0.7125 -0.748718
1.8 0.7125 -0.825977
1.9 0.7125 -0.882312
2 0.7125 -0.917723
1.6 0.75 -0.605394
1.7 0.75 -0.714427
1.8 0.75 -0.800731
1.9 0.75 -0.864304
2 0.75 -0.905148
ZONE I=5, J=5
0 0.75 0.986614
0.1 0.75 0.980928
0.2 0.75 0.970466
0.3 0.75 0.955228
0.4 0.75 0.935215
0 0.7875 0.988451
0.1 0.7875 0.983546
0.2 0.7875 0.974489
0.3 0.7875 0.96128
0.4 0.7875 0.943918
0 0.825 0.990066
0.1 0.825 0.985849
0.2 0.825 0.978033
0.3 0.825 0.966618
0.4 0.825 0.951604
0 0.8625 0.99146
0.1 0.8625 0.987835
0.2 0.8625 0.981095
0.3 0.8625 0.971242
0.4 0.8625 0.958275
0 0.9 0.992632
0.1 0.9 0.989504
0.2 0.9 0.983678
0.3 0.9 0.975153
0.4 0.9 0.963929
ZONE I=5, J=5
0.4 0.75 0.935215
0.5 0.75 0.907554
0.6 0.75 0.861928
0.7 0.75 0.798337
0.8 0.75 0.716779
0.4 0.7875 0.943918
0.5 0.7875 0.920006
0.6 0.7875 0.879889
0.7 0.7875 0.823567
0.8 0.7875 0.751039
0.4 0.825 0.951604
0.5 0.825 0.930999
0.6 0.825 0.895849
0.7 0.825 0.846155
0.8 0.825 0.781917
0.4 0.8625 0.958275
0.5 0.8625 0.940532
0.6 0.8625 0.909808
0.7 0.8625 0.866102
0.8 0.8625 0.809415
0.4 0.9 0.963929
0.5 0.9 0.948606
0.6 0.9 0.921765
0.7 0.9 0.883407
0.8 0.9 0.833531
ZONE I=5, J=5
0.8 0.75 0.716779
0.9 0.75 0.602725
1 0.75 0.461954
1.1 0.75 0.294467
1.2 0.75 0.100264
0.8 0.7875 0.751039
0.9 0.7875 0.649016
1 0.7875 0.518922
1.1 0.7875 0.360759
1.2 0.7875 0.174526
0.8 0.825 0.781917
0.9 0.825 0.691154
1 0.825 0.571606
1.1 0.825 0.423272
1.2 0.825 0.246152
0.8 0.8625 0.809415
0.9 0.8625 0.729141
1 0.8625 0.620004
1.1 0.8625 0.482005
1.2 0.8625 0.315143
0.8 0.9 0.833531
0.9 0.9 0.762975
1 0.9 0.664118
1.1 0.9 0.536959
1.2 0.9 0.381498
ZONE I=5, J=5
1.2 0.75 0.100264
1.3 0.75 -0.105002
1.4 0.75 -0.291033
1.5 0.75 -0.457831
1.6 0.75 -0.605394
1.2 0.7875 0.174526
1.3 0.7875 -0.0305708
1.4 0.7875 -0.22065
1.5 0.7875 -0.395711
1.6 0.7875 -0.555754
1.2 0.825 0.246152
1.3 0.825 0.0435347
1.4 0.825 -0.148676
1.5 0.825 -0.330479
1.6 0.825 -0.501875
1.2 0.8625 0.315143
1.3 0.8625 0.117315
1.4 0.8625 -0.0751106
1.5 0.8625 -0.262134
1.6 0.8625 -0.443756
1.2 0.9 0.381498
1.3 0.9 0.19077
1.4 0.9 4.49981e-05
1.5 0.9 -0.190677
1.6 0.9 -0.381397
ZONE I=5, J=5
1.6 0.75 -0.605394
1.7 0.75 -0.714427
1.8 0.75 -0.800731
1.9 0.75 -0.864304
2 0.75 -0.905148
1.6 0.7875 -0.555754
1.7 0.7875 -0.676224
1.8 0.7875 -0.772215
1.9 0.7875 -0.843729
2 0.7875 -0.890764
1.6 0.825 -0.501875
1.7 0.825 -0.633889
1.8 0.825 -0.739923
1.9 0.825 -0.819978
2 0.825 -0.874053
1.6 0.8625 -0.443756
1.7 0.8625 -0.587421
1.8 0.8625 -0.703853
1.9 0.8625 -0.793052
2 0.8625 -0.855017
1.6 0.9 -0.381397
1.7 0.9 -0.536822
1.8 0.9 -0.664007
1.9 0.9 -0.762951
2 0.9 -0.833655
ZONE I=5, J=5
0 0.9 0.992632
0.1 0.9 0.989504
0.2 0.9 0.983678
0.3 0.9 0.975153
0.4 0.9 0.963929
0 0.9375 0.993645
0.1 0.9375 0.990949
0.2 0.9375 0.985916
0.3 0.9375 0.978546
0.4 0.9375 0.968839
0 0.975 0.994536
0.1 0.975 0.992219
0.2 0.975 0.987884
0.3 0.975 0.981533
0.4 0.975 0.973164
0 1.0125 0.995304
0.1 1.0125 0.993313
0.2 1.0125 0.989583
0.3 1.0125 0.984113
0.4 1.0125 0.976903
0 1.05 0.995949
0.1 1.05 0.994233
0.2 1.05 0.991012
0.3 1.05 0.986287
0.4 1.05 0.980057
ZONE I=5, J=5
0.4 0.9 0.963929
0.5 0.9 0.948606
0.6 0.9 0.921765
0.7 0.9 0.883407
0.8 0.9 0.833531
0.4 0.9375 0.968839
0.5 0.9375 0.955612
0.6 0.9375 0.932201
0.7 0.9375 0.898608
0.8 0.9375 0.854831
0.4 0.975 0.973164
0.5 0.975 0.961779
0.6 0.975 0.941428
0.7 0.975 0.91211
0.8 0.975 0.873826
0.4 1.0125 0.976903
0.5 1.0125 0.967109
0.6 1.0125 0.949446
0.7 1.0125 0.923916
0.8 1.0125 0.890517
0.4 1.05 0.980057
0.5 1.05 0.971601
0.6 1.05 0.956256
0.7 1.05 0.934023
0.8 1.05 0.904902
ZONE I=5, J=5
0.8 0.9 0.833531
0.9 0.9 0.762975
1 0.9 0.664118
1.1 0.9 0.536959
1.2 0.9 0.381498
0.8 0.9375 0.854831
0.9 0.9375 0.793024
1 0.9375 0.703924
1.1 0.9375 0.587531
1.2 0.9375 0.443844
0.8 0.975 0.873826
0.9 0.975 0.819911
1 0.975 0.739961
1.1 0.975 0.633974
1.2 0.975 0.501951
0.8 1.0125 0.890517
0.9 1.0125 0.843637
1 1.0125 0.772227
1.1 1.0125 0.676288
1.2 1.0125 0.55582
0.8 1.05 0.904902
0.9 1.05 0.8642
1 1.05 0.800724
1.1 1.05 0.714473
1.2 1.05 0.605449
ZONE I=5, J=5
1.2 0.9 0.381498
1.3 0.9 0.19077
1.4 0.9 4.49981e-05
1.5 0.9 -0.190677
1.6 0.9 -0.381397
1.2 0.9375 0.443844
1.3 0.9375 0.26222
1.4 0.9375 0.0752001
1.5 0.9375 -0.117216
1.6 0.9375 -0.315028
1.2 0.975 0.501951
1.3 0.975 0.330557
1.4 0.975 0.148763
1.5 0.975 -0.0434309
1.6 0.975 -0.246025
1.2 1.0125 0.55582
1.3 1.0125 0.395782
1.4 1.0125 0.220735
1.5 1.0125 0.0306782
1.6 1.0125 -0.174387
1.2 1.05 0.605449
1.3 1.05 0.457893
1.4 1.05 0.291114
1.5 1.05 0.105111
1.6 1.05 -0.100114
ZONE I=5, J=5
1.6 0.9 -0.381397
1.7 0.9 -0.536822
1.8 0.9 -0.664007
1.9 0.9 -0.762951
2 0.9 -0.833655
1.6 0.9375 -0.315028
1.7 0.9375 -0.48184
1.8 0.9375 -0.619845
1.9 0.9375 -0.729045
2 0.9375 -0.809438
1.6 0.975 -0.246025
1.7 0.975 -0.423081
1.8 0.975 -0.571396
1.9 0.975 -0.690971
2 0.975 -0.781806
1.6 1.0125 -0.174387
1.7 1.0125 -0.360544
1.8 1.0125 -0.518658
1.9 1.0125 -0.64873
2 1.0125 -0.75076
1.6 1.05 -0.100114
1.7 1.05 -0.29423
1.8 1.05 -0.461632
1.9 1.05 -0.602322
2 1.05 -0.716298
ZONE I=5, J=5
0 1.05 0.995949
0.1 1.05 0.994233
0.2 1.05 0.991012
0.3 1.05 0.986287
0.4 1.05 0.980057
0 1.0875 0.996507
0.1 1.0875 0.995028
0.2 1.0875 0.992249
0.3 1.0875 0.98817
0.4 1.0875 0.982791
0 1.125 0.996998
0.1 1.125 0.995727
0.2 1.125 0.993336
0.3 1.125 0.989826
0.4 1.125 0.985195
0 1.1625 0.99742
0.1 1.1625 0.996329
0.2 1.1625 0.994274
0.3 1.1625 0.991254
0.4 1.1625 0.987269
0 1.2 0.997775
0.1 1.2 0.996834
0.2 1.2 0.995061
0.3 1.2 0.992454
0.4 1.2 0.989015
ZONE I=5, J=5
0.4 1.05 0.980057
0.5 1.05 0.971601
0.6 1.05 0.956256
0.7 1.05 0.934023
0.8 1.05 0.904902
0.4 1.0875 0.982791
0.5 1.0875 0.975493
0.6 1.0875 0.962177
0.7 1.0875 0.942844
0.8 1.0875 0.917493
0.4 1.125 0.985195
0.5 1.125 0.978916
0.6 1.125 0.967398
0.7 1.125 0.950642
0.8 1.125 0.928646
0.4 1.1625 0.987269
0.5 1.1625 0.98187
0.6 1.1625 0.971918
0.7 1.1625 0.957416
0.8 1.1625 0.938363
0.4 1.2 0.989015
0.5 1.2 0.984354
0.6 1.2 0.975738
0.7 1.2 0.963168
0.8 1.2 0.946642
ZONE I=5, J=5
0.8 1.05 0.904902
0.9 1.05 0.8642
1 1.05 0.800724
1.1 1.05 0.714473
1.2 1.05 0.605449
0.8 1.0875 0.917493
0.9 1.0875 0.882205
1 1.0875 0.825957
1.1 1.0875 0.748749
1.2 1.0875 0.650581
0.8 1.125 0.928646
0.9 1.125 0.898158
1 1.125 0.848502
1.1 1.125 0.779677
1.2 1.125 0.691684
0.8 1.1625 0.938363
0.9 1.1625 0.91206
1 1.1625 0.868358
1.1 1.1625 0.807258
1.2 1.1625 0.72876
0.8 1.2 0.946642
0.9 1.2 0.923909
1 1.2 0.885526
1.1 1.2 0.831492
1.2 1.2 0.761808
ZONE I=5, J=5
1.2 1.05 0.605449
1.3 1.05 0.457893
1.4 1.05 0.291114
1.5 1.05 0.105111
1.6 1.05 -0.100114
1.2 1.0875 0.650581
1.3 1.0875 0.515777
1.4 1.0875 0.358314
1.5 1.0875 0.178192
1.6 1.0875 -0.024589
1.2 1.125 0.691684
1.3 1.125 0.56935
1.4 1.125 0.421684
1.5 1.125 0.248687
1.6 1.125 0.0503586
1.2 1.1625 0.72876
1.3 1.1625 0.618612
1.4 1.1625 0.481225
1.5 1.1625 0.316597
1.6 1.1625 0.124729
1.2 1.2 0.761808
1.3 1.2 0.663564
1.4 1.2 0.536935
1.5 1.2 0.381921
1.6 1.2 0.198521
ZONE I=5, J=5
1.6 1.05 -0.100114
1.7 1.05 -0.29423
1.8 1.05 -0.461632
1.9 1.05 -0.602322
2 1.05 -0.716298
1.6 1.0875 -0.024589
1.7 1.0875 -0.224725
1.8 1.0875 -0.400312
1.9 1.0875 -0.551352
2 1.0875 -0.677842
1.6 1.125 0.0503586
1.7 1.125 -0.153515
1.8 1.125 -0.335724
1.9 1.125 -0.496269
2 1.125 -0.635149
1.6 1.1625 0.124729
1.7 1.1625 -0.0806002
1.8 1.1625 -0.267868
1.9 1.1625 -0.437074
2 1.1625 -0.588218
1.6 1.2 0.198521
1.7 1.2 -0.00598015
1.8 1.2 -0.196742
1.9 1.2 -0.373765
2 1.2 -0.53705
ZONE I=5, J=5
0 1.2 0.997775
0.1 1.2 0.996834
0.2 1.2 0.995061
0.3 1.2 0.992454
0.4 1.2 0.989015
0 1.2375 0.998082
0.1 1.2375 0.997271
0.2 1.2375 0.995742
0.3 1.2375 0.993493
0.4 1.2375 0.990526
0 1.275 0.998351
0.1 1.275 0.997655
0.2 1.275 0.99634
0.3 1.275 0.994406
0.4 1.275 0.991853
0 1.3125 0.998583
0.1 1.3125 0.997985
0.2 1.3125 0.996855
0.3 1.3125 0.995193
0.4 1.3125 0.992998
0 1.35 0.998778
0.1 1.35 0.998262
0.2 1.35 0.997287
0.3 1.35 0.995853
0.4 1.35 0.99396
ZONE I=5, J=5
0.4 1.2 0.989015
0.5 1.2 0.984354
0.6 1.2 0.975738
0.7 1.2 0.963168
0.8 1.2 0.946642
0.4 1.2375 0.990526
0.5 1.2375 0.986505
0.6 1.2375 0.979052
0.7 1.2375 0.968167
0.8 1.2375 0.953848
0.4 1.275 0.991853
0.5 1.275 0.988396
0.6 1.275 0.98197
0.7 1.275 0.972573
0.8 1.275 0.960206
0.4 1.3125 0.992998
0.5 1.3125 0.990027
0.6 1.3125 0.984489
0.7 1.3125 0.976386
0.8 1.3125 0.965716
0.4 1.35 0.99396
0.5 1.35 0.991397
0.6 1.35 0.986612
0.7 1.35 0.979606
0.8 1.35 0.970377
ZONE I=5, J=5
0.8 1.2 0.946642
0.9 1.2 0.923909
1 1.2 0.885526
1.1 1.2 0.831492
1.2 1.2 0.761808
0.8 1.2375 0.953848
0.9 1.2375 0.934214
1 1.2375 0.90057
1.1 1.2375 0.852918
1.2 1.2375 0.791258
0.8 1.275 0.960206
0.9 1.275 0.943299
1 1.275 0.913912
1.1 1.275 0.872045
1.2 1.275 0.817698
0.8 1.3125 0.965716
0.9 1.3125 0.951166
1 1.3125 0.925551
1.1 1.3125 0.888872
1.2 1.3125 0.841127
0.8 1.35 0.970377
0.9 1.35 0.957814
1 1.35 0.935488
1.1 1.35 0.903399
1.2 1.35 0.861546
ZONE I=5, J=5
1.2 1.2 0.761808
1.3 1.2 0.663564
1.4 1.2 0.536935
1.5 1.2 0.381921
1.6 1.2 0.198521
1.2 1.2375 0.791258
1.3 1.2375 0.704097
1.4 1.2375 0.588151
1.5 1.2375 0.44342
1.6 1.2375 0.269905
1.2 1.275 0.817698
1.3 1.275 0.740747
1.4 1.275 0.635125
1.5 1.275 0.500833
1.6 1.275 0.337871
1.2 1.3125 0.841127
1.3 1.3125 0.773514
1.4 1.3125 0.677858
1.5 1.3125 0.554161
1.6 1.3125 0.40242
1.2 1.35 0.861546
1.3 1.35 0.802398
1.4 1.35 0.71635
1.5 1.35 0.603401
1.6 1.35 0.463552
ZONE I=5, J=5
1.6 1.2 0.198521
1.7 1.2 -0.00598015
1.8 1.2 -0.196742
1.9 1.2 -0.373765
2 1.2 -0.53705
1.6 1.2375 0.269905
1.7 1.2375 0.0688658
1.8 1.2375 -0.123365
1.9 1.2375 -0.306789
2 1.2375 -0.481404
1.6 1.275 0.337871
1.7 1.275 0.142343
1.8 1.275 -0.049462
1.9 1.275 -0.237543
2 1.275 -0.421899
1.6 1.3125 0.40242
1.7 1.3125 0.21445
1.8 1.3125 0.0249679
1.9 1.3125 -0.166027
2 1.3125 -0.358535
1.6 1.35 0.463552
1.7 1.35 0.285189
1.8 1.35 0.0999243
1.9 1.35 -0.092243
2 1.35 -0.291313
ZONE I=5, J=5
0 1.35 0.998778
0.1 1.35 0.998262
0.2 1.35 0.997287
0.3 1.35 0.995853
0.4 1.35 0.99396
0 1.3875 0.998947
0.1 1.3875 0.998502
0.2 1.3875 0.997661
0.3 1.3875 0.996424
0.4 1.3875 0.994791
0 1.425 0.999095
0.1 1.425 0.998712
0.2 1.425 0.997989
0.3 1.425 0.996926
0.4 1.425 0.995522
0 1.4625 0.999222
0.1 1.4625 0.998893
0.2 1.4625 0.998272
0.3 1.4625 0.997358
0.4 1.4625 0.996152
0 1.5 0.999329
0.1 1.5 0.999044
0.2 1.5 0.998508
0.3 1.5 0.997721
0.4 1.5 0.996682
ZONE I=5, J=5
0.4 1.35 0.99396
0.5 1.35 0.991397
0.6 1.35 0.986612
0.7 1.35 0.979606
0.8 1.35 0.970377
0.4 1.3875 0.994791
0.5 1.3875 0.992583
0.6 1.3875 0.988452
0.7 1.3875 0.982398
0.8 1.3875 0.97442
0.4 1.425 0.995522
0.5 1.425 0.993624
0.6 1.425 0.990068
0.7 1.425 0.984855
0.8 1.425 0.977984
0.4 1.4625 0.996152
0.5 1.4625 0.99452
0.6 1.4625 0.991461
0.7 1.4625 0.986978
0.8 1.4625 0.981069
0.4 1.5 0.996682
0.5 1.5 0.99527
0.6 1.5 0.992632
0.7 1.5 0.988766
0.8 1.5 0.983675
ZONE I=5, J=5
0.8 1.35 0.970377
0.9 1.35 0.957814
1 1.35 0.935488
1.1 1.35 0.903399
1.2 1.35 0.861546
0.8 1.3875 0.97442
0.9 1.3875 0.963579
1 1.3875 0.944149
1.1 1.3875 0.916131
1.2 1.3875 0.879524
0.8 1.425 0.977984
0.9 1.425 0.968646
1 1.425 0.951793
1.1 1.425 0.927423
1.2 1.425 0.895538
0.8 1.4625 0.981069
0.9 1.4625 0.973017
1 1.4625 0.958419
1.1 1.4625 0.937275
1.2 1.4625 0.909586
0.8 1.5 0.983675
0.9 1.5 0.97669
1 1.5 0.964028
1.1 1.5 0.945687
1.2 1.5 0.921669
ZONE I=5, J=5
1.2 1.35 0.861546
1.3 1.35 0.802398
1.4 1.35 0.71635
1.5 1.35 0.603401
1.6 1.35 0.463552
1.2 1.3875 0.879524
1.3 1.3875 0.827903
1.4 1.3875 0.750818
1.5 1.3875 0.648268
1.6 1.3875 0.520253
1.2 1.425 0.895538
1.3 1.425 0.850649
1.4 1.425 0.781858
1.5 1.425 0.689164
1.6 1.425 0.572567
1.2 1.4625 0.909586
1.3 1.4625 0.870635
1.4 1.4625 0.80947
1.5 1.4625 0.72609
1.6 1.4625 0.620495
1.2 1.5 0.921669
1.3 1.5 0.887862
1.4 1.5 0.833655
1.5 1.5 0.759046
1.6 1.5 0.664037
ZONE I=5, J=5
1.6 1.35 0.463552
1.7 1.35 0.285189
1.8 1.35 0.0999243
1.9 1.35 -0.092243
2 1.35 -0.291313
1.6 1.3875 0.520253
1.7 1.3875 0.352972
1.8 1.3875 0.173686
1.9 1.3875 -0.017607
2 1.3875 -0.220906
1.6 1.425 0.572567
1.7 1.425 0.417031
1.8 1.425 0.244944
1.9 1.425 0.056305
2 1.425 -0.148885
1.6 1.4625 0.620495
1.7 1.4625 0.477366
1.8 1.4625 0.313698
1.9 1.4625 0.129493
2 1.4625 -0.0752497
1.6 1.5 0.664037
1.7 1.5 0.533976
1.8 1.5 0.379949
1.9 1.5 0.201957
2 1.5 0
