ZONE I=100
0 0.999909
0.000252525 0.999909
0.000505051 0.999908
0.000757576 0.999908
0.0010101 0.999907
0.00126263 0.999907
0.00151515 0.999906
0.00176768 0.999906
0.0020202 0.999905
0.00227273 0.999905
0.00252525 0.999905
0.00277778 0.999904
0.0030303 0.999904
0.00328283 0.999903
0.00353535 0.999903
0.00378788 0.999902
0.0040404 0.999902
0.00429293 0.999901
0.00454545 0.999901
0.00479798 0.9999
0.00505051 0.9999
0.00530303 0.999899
0.00555556 0.999899
0.00580808 0.999898
0.00606061 0.999898
0.00631313 0.999897
0.00656566 0.999896
0.00681818 0.999896
0.00707071 0.999895
0.00732323 0.999895
0.00757576 0.999894
0.00782828 0.999894
0.00808081 0.999893
0.00833333 0.999893
0.00858586 0.999892
0.00883838 0.999892
0.00909091 0.999891
0.00934343 0.999891
0.00959596 0.99989
0.00984848 0.999889
0.010101 0.999889
0.0103535 0.999888
0.0106061 0.999888
0.0108586 0.999887
0.0111111 0.999887
0.0113636 0.999886
0.0116162 0.999885
0.0118687 0.999885
0.0121212 0.999884
0.0123737 0.999884
0.0126263 0.999883
0.0128788 0.999883
0.0131313 0.999882
0.0133838 0.999881
0.0136364 0.999881
0.0138889 0.99988
0.0141414 0.99988
0.0143939 0.999879
0.0146465 0.999878
0.014899 0.999878
0.0151515 0.999877
0.015404 0.999876
0.0156566 0.999876
0.0159091 0.999875
0.0161616 0.999875
0.0164141 0.999874
0.0166667 0.999873
0.0169192 0.999873
0.0171717 0.999872
0.0174242 0.999871
0.0176768 0.999871
0.0179293 0.99987
0.0181818 0.999869
0.0184343 0.999869
0.0186869 0.999868
0.0189394 0.999867
0.0191919 0.999867
0.0194444 0.999866
0.019697 0.999865
0.0199495 0.999865
0.020202 0.999864
0.0204545 0.999863
0.0207071 0.999863
0.0209596 0.999862
0.0212121 0.999861
0.0214646 0.999861
0.0217172 0.99986
0.0219697 0.999859
0.0222222 0.999858
0.0224747 0.999858
0.0227273 0.999857
0.0229798 0.999856
0.0232323 0.999856
0.0234848 0.999855
0.0237374 0.999854
0.0239899 0.999853
0.0242424 0.999853
0.0244949 0.999852
0.0247475 0.999851
0.025 0.99985
ZONE I=100
0.025 0.99985
0.0252525 0.99985
0.0255051 0.999849
0.0257576 0.999848
0.0260101 0.999847
0.0262626 0.999846
0.0265152 0.999846
0.0267677 0.999845
0.0270202 0.999844
0.0272727 0.999843
0.0275253 0.999843
0.0277778 0.999842
0.0280303 0.999841
0.0282828 0.99984
0.0285354 0.999839
0.0287879 0.999839
0.0290404 0.999838
0.0292929 0.999837
0.0295455 0.999836
0.029798 0.999835
0.0300505 0.999834
0.030303 0.999834
0.0305556 0.999833
0.0308081 0.999832
0.0310606 0.999831
0.0313131 0.99983
0.0315657 0.999829
0.0318182 0.999828
0.0320707 0.999828
0.0323232 0.999827
0.0325758 0.999826
0.0328283 0.999825
0.0330808 0.999824
0.0333333 0.999823
0.0335859 0.999822
0.0338384 0.999821
0.0340909 0.99982
0.0343434 0.99982
0.034596 0.999819
0.0348485 0.999818
0.035101 0.999817
0.0353535 0.999816
0.0356061 0.999815
0.0358586 0.999814
0.0361111 0.999813
0.0363636 0.999812
0.0366162 0.999811
0.0368687 0.99981
0.0371212 0.999809
0.0373737 0.999808
0.0376263 0.999807
0.0378788 0.999806
0.0381313 0.999805
0.0383838 0.999804
0.0386364 0.999803
0.0388889 0.999802
0.0391414 0.999801
0.0393939 0.9998
0.0396465 0.999799
0.039899 0.999798
0.0401515 0.999797
0.040404 0.999796
0.0406566 0.999795
0.0409091 0.999794
0.0411616 0.999793
0.0414141 0.999792
0.0416667 0.999791
0.0419192 0.99979
0.0421717 0.999789
0.0424242 0.999788
0.0426768 0.999787
0.0429293 0.999786
0.0431818 0.999785
0.0434343 0.999784
0.0436869 0.999782
0.0439394 0.999781
0.0441919 0.99978
0.0444444 0.999779
0.044697 0.999778
0.0449495 0.999777
0.045202 0.999776
0.0454545 0.999775
0.0457071 0.999774
0.0459596 0.999772
0.0462121 0.999771
0.0464646 0.99977
0.0467172 0.999769
0.0469697 0.999768
0.0472222 0.999767
0.0474747 0.999765
0.0477273 0.999764
0.0479798 0.999763
0.0482323 0.999762
0.0484848 0.999761
0.0487374 0.999759
0.0489899 0.999758
0.0492424 0.999757
0.0494949 0.999756
0.0497475 0.999754
0.05 0.999753
ZONE I=100
0.05 0.999753
0.0502525 0.999752
0.0505051 0.999751
0.0507576 0.999749
0.0510101 0.999748
0.0512626 0.999747
0.0515152 0.999746
0.0517677 0.999744
0.0520202 0.999743
0.0522727 0.999742
0.0525253 0.99974
0.0527778 0.999739
0.0530303 0.999738
0.0532828 0.999736
0.0535354 0.999735
0.0537879 0.999734
0.0540404 0.999732
0.0542929 0.999731
0.0545455 0.99973
0.054798 0.999728
0.0550505 0.999727
0.055303 0.999726
0.0555556 0.999724
0.0558081 0.999723
0.0560606 0.999721
0.0563131 0.99972
0.0565657 0.999719
0.0568182 0.999717
0.0570707 0.999716
0.0573232 0.999714
0.0575758 0.999713
0.0578283 0.999711
0.0580808 0.99971
0.0583333 0.999708
0.0585859 0.999707
0.0588384 0.999706
0.0590909 0.999704
0.0593434 0.999703
0.059596 0.999701
0.0598485 0.999699
0.060101 0.999698
0.0603535 0.999696
0.0606061 0.999695
0.0608586 0.999693
0.0611111 0.999692
0.0613636 0.99969
0.0616162 0.999689
0.0618687 0.999687
0.0621212 0.999686
0.0623737 0.999684
0.0626263 0.999682
0.0628788 0.999681
0.0631313 0.999679
0.0633838 0.999677
0.0636364 0.999676
0.0638889 0.999674
0.0641414 0.999673
0.0643939 0.999671
0.0646465 0.999669
0.064899 0.999668
0.0651515 0.999666
0.065404 0.999664
0.0656566 0.999662
0.0659091 0.999661
0.0661616 0.999659
0.0664141 0.999657
0.0666667 0.999656
0.0669192 0.999654
0.0671717 0.999652
0.0674242 0.99965
0.0676768 0.999649
0.0679293 0.999647
0.0681818 0.999645
0.0684343 0.999643
0.0686869 0.999641
0.0689394 0.99964
0.0691919 0.999638
0.0694444 0.999636
0.069697 0.999634
0.0699495 0.999632
0.070202 0.99963
0.0704545 0.999628
0.0707071 0.999627
0.0709596 0.999625
0.0712121 0.999623
0.0714646 0.999621
0.0717172 0.999619
0.0719697 0.999617
0.0722222 0.999615
0.0724747 0.999613
0.0727273 0.999611
0.0729798 0.999609
0.0732323 0.999607
0.0734848 0.999605
0.0737374 0.999603
0.0739899 0.999601
0.0742424 0.999599
0.0744949 0.999597
0.0747475 0.999595
0.075 0.999593
ZONE I=100
0.075 0.999593
0.0752525 0.999591
0.0755051 0.999589
0.0757576 0.999587
0.0760101 0.999585
0.0762626 0.999583
0.0765152 0.999581
0.0767677 0.999579
0.0770202 0.999576
0.0772727 0.999574
0.0775253 0.999572
0.0777778 0.99957
0.0780303 0.999568
0.0782828 0.999566
0.0785354 0.999563
0.0787879 0.999561
0.0790404 0.999559
0.0792929 0.999557
0.0795455 0.999554
0.079798 0.999552
0.0800505 0.99955
0.080303 0.999548
0.0805556 0.999545
0.0808081 0.999543
0.0810606 0.999541
0.0813131 0.999538
0.0815657 0.999536
0.0818182 0.999534
0.0820707 0.999531
0.0823232 0.999529
0.0825758 0.999527
0.0828283 0.999524
0.0830808 0.999522
0.0833333 0.999519
0.0835859 0.999517
0.0838384 0.999514
0.0840909 0.999512
0.0843434 0.99951
0.084596 0.999507
0.0848485 0.999505
0.085101 0.999502
0.0853535 0.9995
0.0856061 0.999497
0.0858586 0.999494
0.0861111 0.999492
0.0863636 0.999489
0.0866162 0.999487
0.0868687 0.999484
0.0871212 0.999482
0.0873737 0.999479
0.0876263 0.999476
0.0878788 0.999474
0.0881313 0.999471
0.0883838 0.999468
0.0886364 0.999466
0.0888889 0.999463
0.0891414 0.99946
0.0893939 0.999457
0.0896465 0.999455
0.089899 0.999452
0.0901515 0.999449
0.090404 0.999446
0.0906566 0.999444
0.0909091 0.999441
0.0911616 0.999438
0.0914141 0.999435
0.0916667 0.999432
0.0919192 0.999429
0.0921717 0.999426
0.0924242 0.999424
0.0926768 0.999421
0.0929293 0.999418
0.0931818 0.999415
0.0934343 0.999412
0.0936869 0.999409
0.0939394 0.999406
0.0941919 0.999403
0.0944444 0.9994
0.094697 0.999397
0.0949495 0.999394
0.095202 0.999391
0.0954545 0.999388
0.0957071 0.999384
0.0959596 0.999381
0.0962121 0.999378
0.0964646 0.999375
0.0967172 0.999372
0.0969697 0.999369
0.0972222 0.999366
0.0974747 0.999362
0.0977273 0.999359
0.0979798 0.999356
0.0982323 0.999353
0.0984848 0.999349
0.0987374 0.999346
0.0989899 0.999343
0.0992424 0.999339
0.0994949 0.999336
0.0997475 0.999333
0.1 0.999329
ZONE I=100
0.1 0.999329
0.100253 0.999326
0.100505 0.999322
0.100758 0.999319
0.10101 0.999316
0.101263 0.999312
0.101515 0.999309
0.101768 0.999305
0.10202 0.999302
0.102273 0.999298
0.102525 0.999295
0.102778 0.999291
0.10303 0.999287
0.103283 0.999284
0.103535 0.99928
0.103788 0.999277
0.10404 0.999273
0.104293 0.999269
0.104545 0.999265
0.104798 0.999262
0.105051 0.999258
0.105303 0.999254
0.105556 0.999251
0.105808 0.999247
0.106061 0.999243
0.106313 0.999239
0.106566 0.999235
0.106818 0.999231
0.107071 0.999227
0.107323 0.999224
0.107576 0.99922
0.107828 0.999216
0.108081 0.999212
0.108333 0.999208
0.108586 0.999204
0.108838 0.9992
0.109091 0.999196
0.109343 0.999192
0.109596 0.999187
0.109848 0.999183
0.110101 0.999179
0.110354 0.999175
0.110606 0.999171
0.110859 0.999167
0.111111 0.999162
0.111364 0.999158
0.111616 0.999154
0.111869 0.99915
0.112121 0.999145
0.112374 0.999141
0.112626 0.999137
0.112879 0.999132
0.113131 0.999128
0.113384 0.999124
0.113636 0.999119
0.113889 0.999115
0.114141 0.99911
0.114394 0.999106
0.114646 0.999101
0.114899 0.999097
0.115152 0.999092
0.115404 0.999087
0.115657 0.999083
0.115909 0.999078
0.116162 0.999073
0.116414 0.999069
0.116667 0.999064
0.116919 0.999059
0.117172 0.999055
0.117424 0.99905
0.117677 0.999045
0.117929 0.99904
0.118182 0.999035
0.118434 0.99903
0.118687 0.999026
0.118939 0.999021
0.119192 0.999016
0.119444 0.999011
0.119697 0.999006
0.119949 0.999001
0.120202 0.998996
0.120455 0.99899
0.120707 0.998985
0.12096 0.99898
0.121212 0.998975
0.121465 0.99897
0.121717 0.998965
0.12197 0.998959
0.122222 0.998954
0.122475 0.998949
0.122727 0.998944
0.12298 0.998938
0.123232 0.998933
0.123485 0.998927
0.123737 0.998922
0.12399 0.998917
0.124242 0.998911
0.124495 0.998906
0.124747 0.9989
0.125 0.998894
ZONE I=100
0.125 0.998894
0.125253 0.998889
0.125505 0.998883
0.125758 0.998878
0.12601 0.998872
0.126263 0.998866
0.126515 0.99886
0.126768 0.998855
0.12702 0.998849
0.127273 0.998843
0.127525 0.998837
0.127778 0.998831
0.12803 0.998825
0.128283 0.998819
0.128535 0.998813
0.128788 0.998807
0.12904 0.998801
0.129293 0.998795
0.129545 0.998789
0.129798 0.998783
0.130051 0.998777
0.130303 0.998771
0.130556 0.998765
0.130808 0.998758
0.131061 0.998752
0.131313 0.998746
0.131566 0.998739
0.131818 0.998733
0.132071 0.998727
0.132323 0.99872
0.132576 0.998714
0.132828 0.998707
0.133081 0.998701
0.133333 0.998694
0.133586 0.998687
0.133838 0.998681
0.134091 0.998674
0.134343 0.998667
0.134596 0.998661
0.134848 0.998654
0.135101 0.998647
0.135354 0.99864
0.135606 0.998633
0.135859 0.998626
0.136111 0.99862
0.136364 0.998613
0.136616 0.998606
0.136869 0.998598
0.137121 0.998591
0.137374 0.998584
0.137626 0.998577
0.137879 0.99857
0.138131 0.998563
0.138384 0.998555
0.138636 0.998548
0.138889 0.998541
0.139141 0.998533
0.139394 0.998526
0.139646 0.998518
0.139899 0.998511
0.140152 0.998503
0.140404 0.998496
0.140657 0.998488
0.140909 0.998481
0.141162 0.998473
0.141414 0.998465
0.141667 0.998457
0.141919 0.99845
0.142172 0.998442
0.142424 0.998434
0.142677 0.998426
0.142929 0.998418
0.143182 0.99841
0.143434 0.998402
0.143687 0.998394
0.143939 0.998386
0.144192 0.998378
0.144444 0.998369
0.144697 0.998361
0.144949 0.998353
0.145202 0.998344
0.145455 0.998336
0.145707 0.998328
0.14596 0.998319
0.146212 0.998311
0.146465 0.998302
0.146717 0.998294
0.14697 0.998285
0.147222 0.998276
0.147475 0.998268
0.147727 0.998259
0.14798 0.99825
0.148232 0.998241
0.148485 0.998232
0.148737 0.998223
0.14899 0.998214
0.149242 0.998205
0.149495 0.998196
0.149747 0.998187
0.15 0.998178
ZONE I=100
0.15 0.998178
0.150253 0.998169
0.150505 0.998159
0.150758 0.99815
0.15101 0.998141
0.151263 0.998131
0.151515 0.998122
0.151768 0.998112
0.15202 0.998103
0.152273 0.998093
0.152525 0.998084
0.152778 0.998074
0.15303 0.998064
0.153283 0.998054
0.153535 0.998045
0.153788 0.998035
0.15404 0.998025
0.154293 0.998015
0.154545 0.998005
0.154798 0.997995
0.155051 0.997984
0.155303 0.997974
0.155556 0.997964
0.155808 0.997954
0.156061 0.997943
0.156313 0.997933
0.156566 0.997922
0.156818 0.997912
0.157071 0.997901
0.157323 0.997891
0.157576 0.99788
0.157828 0.997869
0.158081 0.997859
0.158333 0.997848
0.158586 0.997837
0.158838 0.997826
0.159091 0.997815
0.159343 0.997804
0.159596 0.997793
0.159848 0.997782
0.160101 0.99777
0.160354 0.997759
0.160606 0.997748
0.160859 0.997736
0.161111 0.997725
0.161364 0.997713
0.161616 0.997702
0.161869 0.99769
0.162121 0.997679
0.162374 0.997667
0.162626 0.997655
0.162879 0.997643
0.163131 0.997631
0.163384 0.997619
0.163636 0.997607
0.163889 0.997595
0.164141 0.997583
0.164394 0.997571
0.164646 0.997559
0.164899 0.997546
0.165152 0.997534
0.165404 0.997521
0.165657 0.997509
0.165909 0.997496
0.166162 0.997483
0.166414 0.997471
0.166667 0.997458
0.166919 0.997445
0.167172 0.997432
0.167424 0.997419
0.167677 0.997406
0.167929 0.997393
0.168182 0.99738
0.168434 0.997367
0.168687 0.997353
0.168939 0.99734
0.169192 0.997326
0.169444 0.997313
0.169697 0.997299
0.169949 0.997286
0.170202 0.997272
0.170455 0.997258
0.170707 0.997244
0.17096 0.99723
0.171212 0.997216
0.171465 0.997202
0.171717 0.997188
0.17197 0.997174
0.172222 0.99716
0.172475 0.997145
0.172727 0.997131
0.17298 0.997116
0.173232 0.997102
0.173485 0.997087
0.173737 0.997072
0.17399 0.997058
0.174242 0.997043
0.174495 0.997028
0.174747 0.997013
0.175 0.996998
ZONE I=100
0.175 0.996998
0.175253 0.996982
0.175505 0.996967
0.175758 0.996952
0.17601 0.996936
0.176263 0.996921
0.176515 0.996905
0.176768 0.99689
0.17702 0.996874
0.177273 0.996858
0.177525 0.996842
0.177778 0.996826
0.17803 0.99681
0.178283 0.996794
0.178535 0.996778
0.178788 0.996762
0.17904 0.996745
0.179293 0.996729
0.179545 0.996712
0.179798 0.996696
0.180051 0.996679
0.180303 0.996662
0.180556 0.996645
0.180808 0.996628
0.181061 0.996611
0.181313 0.996594
0.181566 0.996577
0.181818 0.99656
0.182071 0.996542
0.182323 0.996525
0.182576 0.996507
0.182828 0.99649
0.183081 0.996472
0.183333 0.996454
0.183586 0.996436
0.183838 0.996418
0.184091 0.9964
0.184343 0.996382
0.184596 0.996364
0.184848 0.996345
0.185101 0.996327
0.185354 0.996308
0.185606 0.996289
0.185859 0.996271
0.186111 0.996252
0.186364 0.996233
0.186616 0.996214
0.186869 0.996195
0.187121 0.996176
0.187374 0.996156
0.187626 0.996137
0.187879 0.996117
0.188131 0.996098
0.188384 0.996078
0.188636 0.996058
0.188889 0.996038
0.189141 0.996018
0.189394 0.995998
0.189646 0.995978
0.189899 0.995958
0.190152 0.995937
0.190404 0.995917
0.190657 0.995896
0.190909 0.995875
0.191162 0.995854
0.191414 0.995833
0.191667 0.995812
0.191919 0.995791
0.192172 0.99577
0.192424 0.995749
0.192677 0.995727
0.192929 0.995705
0.193182 0.995684
0.193434 0.995662
0.193687 0.99564
0.193939 0.995618
0.194192 0.995596
0.194444 0.995574
0.194697 0.995551
0.194949 0.995529
0.195202 0.995506
0.195455 0.995484
0.195707 0.995461
0.19596 0.995438
0.196212 0.995415
0.196465 0.995392
0.196717 0.995368
0.19697 0.995345
0.197222 0.995321
0.197475 0.995298
0.197727 0.995274
0.19798 0.99525
0.198232 0.995226
0.198485 0.995202
0.198737 0.995178
0.19899 0.995153
0.199242 0.995129
0.199495 0.995104
0.199747 0.99508
0.2 0.995055
ZONE I=100
0.2 0.995055
0.200253 0.99503
0.200505 0.995005
0.200758 0.994979
0.20101 0.994954
0.201263 0.994929
0.201515 0.994903
0.201768 0.994877
0.20202 0.994851
0.202273 0.994825
0.202525 0.994799
0.202778 0.994773
0.20303 0.994747
0.203283 0.99472
0.203535 0.994693
0.203788 0.994667
0.20404 0.99464
0.204293 0.994613
0.204545 0.994585
0.204798 0.994558
0.205051 0.994531
0.205303 0.994503
0.205556 0.994475
0.205808 0.994447
0.206061 0.994419
0.206313 0.994391
0.206566 0.994363
0.206818 0.994334
0.207071 0.994306
0.207323 0.994277
0.207576 0.994248
0.207828 0.994219
0.208081 0.99419
0.208333 0.994161
0.208586 0.994131
0.208838 0.994101
0.209091 0.994072
0.209343 0.994042
0.209596 0.994012
0.209848 0.993981
0.210101 0.993951
0.210354 0.99392
0.210606 0.99389
0.210859 0.993859
0.211111 0.993828
0.211364 0.993797
0.211616 0.993765
0.211869 0.993734
0.212121 0.993702
0.212374 0.993671
0.212626 0.993639
0.212879 0.993607
0.213131 0.993574
0.213384 0.993542
0.213636 0.993509
0.213889 0.993476
0.214141 0.993444
0.214394 0.99341
0.214646 0.993377
0.214899 0.993344
0.215152 0.99331
0.215404 0.993276
0.215657 0.993243
0.215909 0.993208
0.216162 0.993174
0.216414 0.99314
0.216667 0.993105
0.216919 0.99307
0.217172 0.993035
0.217424 0.993
0.217677 0.992965
0.217929 0.992929
0.218182 0.992894
0.218434 0.992858
0.218687 0.992822
0.218939 0.992786
0.219192 0.992749
0.219444 0.992713
0.219697 0.992676
0.219949 0.992639
0.220202 0.992602
0.220455 0.992564
0.220707 0.992527
0.22096 0.992489
0.221212 0.992451
0.221465 0.992413
0.221717 0.992375
0.22197 0.992337
0.222222 0.992298
0.222475 0.992259
0.222727 0.99222
0.22298 0.992181
0.223232 0.992141
0.223485 0.992102
0.223737 0.992062
0.22399 0.992022
0.224242 0.991982
0.224495 0.991941
0.224747 0.991901
0.225 0.99186
ZONE I=100
0.225 0.99186
0.225253 0.991819
0.225505 0.991777
0.225758 0.991736
0.22601 0.991694
0.226263 0.991652
0.226515 0.99161
0.226768 0.991568
0.22702 0.991526
0.227273 0.991483
0.227525 0.99144
0.227778 0.991397
0.22803 0.991353
0.228283 0.99131
0.228535 0.991266
0.228788 0.991222
0.22904 0.991178
0.229293 0.991133
0.229545 0.991088
0.229798 0.991044
0.230051 0.990998
0.230303 0.990953
0.230556 0.990907
0.230808 0.990862
0.231061 0.990816
0.231313 0.990769
0.231566 0.990723
0.231818 0.990676
0.232071 0.990629
0.232323 0.990582
0.232576 0.990534
0.232828 0.990487
0.233081 0.990439
0.233333 0.99039
0.233586 0.990342
0.233838 0.990293
0.234091 0.990245
0.234343 0.990195
0.234596 0.990146
0.234848 0.990096
0.235101 0.990046
0.235354 0.989996
0.235606 0.989946
0.235859 0.989895
0.236111 0.989844
0.236364 0.989793
0.236616 0.989742
0.236869 0.98969
0.237121 0.989638
0.237374 0.989586
0.237626 0.989533
0.237879 0.989481
0.238131 0.989428
0.238384 0.989375
0.238636 0.989321
0.238889 0.989267
0.239141 0.989213
0.239394 0.989159
0.239646 0.989104
0.239899 0.989049
0.240152 0.988994
0.240404 0.988939
0.240657 0.988883
0.240909 0.988827
0.241162 0.988771
0.241414 0.988714
0.241667 0.988658
0.241919 0.9886
0.242172 0.988543
0.242424 0.988485
0.242677 0.988427
0.242929 0.988369
0.243182 0.988311
0.243434 0.988252
0.243687 0.988193
0.243939 0.988133
0.244192 0.988074
0.244444 0.988014
0.244697 0.987953
0.244949 0.987893
0.245202 0.987832
0.245455 0.98777
0.245707 0.987709
0.24596 0.987647
0.246212 0.987585
0.246465 0.987522
0.246717 0.98746
0.24697 0.987396
0.247222 0.987333
0.247475 0.987269
0.247727 0.987205
0.24798 0.987141
0.248232 0.987076
0.248485 0.987011
0.248737 0.986946
0.24899 0.98688
0.249242 0.986814
0.249495 0.986748
0.249747 0.986681
0.25 0.986614
ZONE I=100
0.25 0.986614
0.250253 0.986547
0.250505 0.986479
0.250758 0.986411
0.25101 0.986343
0.251263 0.986274
0.251515 0.986205
0.251768 0.986136
0.25202 0.986066
0.252273 0.985996
0.252525 0.985926
0.252778 0.985855
0.25303 0.985784
0.253283 0.985712
0.253535 0.985641
0.253788 0.985568
0.25404 0.985496
0.254293 0.985423
0.254545 0.98535
0.254798 0.985276
0.255051 0.985202
0.255303 0.985128
0.255556 0.985053
0.255808 0.984978
0.256061 0.984902
0.256313 0.984827
0.256566 0.98475
0.256818 0.984674
0.257071 0.984597
0.257323 0.984519
0.257576 0.984441
0.257828 0.984363
0.258081 0.984285
0.258333 0.984206
0.258586 0.984126
0.258838 0.984047
0.259091 0.983967
0.259343 0.983886
0.259596 0.983805
0.259848 0.983724
0.260101 0.983642
0.260354 0.98356
0.260606 0.983477
0.260859 0.983394
0.261111 0.983311
0.261364 0.983227
0.261616 0.983143
0.261869 0.983058
0.262121 0.982973
0.262374 0.982888
0.262626 0.982802
0.262879 0.982716
0.263131 0.982629
0.263384 0.982542
0.263636 0.982454
0.263889 0.982366
0.264141 0.982278
0.264394 0.982189
0.264646 0.982099
0.264899 0.982009
0.265152 0.981919
0.265404 0.981828
0.265657 0.981737
0.265909 0.981646
0.266162 0.981554
0.266414 0.981461
0.266667 0.981368
0.266919 0.981275
0.267172 0.981181
0.267424 0.981086
0.267677 0.980991
0.267929 0.980896
0.268182 0.9808
0.268434 0.980704
0.268687 0.980607
0.268939 0.98051
0.269192 0.980412
0.269444 0.980314
0.269697 0.980215
0.269949 0.980116
0.270202 0.980017
0.270455 0.979916
0.270707 0.979816
0.27096 0.979715
0.271212 0.979613
0.271465 0.979511
0.271717 0.979408
0.27197 0.979305
0.272222 0.979201
0.272475 0.979097
0.272727 0.978992
0.27298 0.978887
0.273232 0.978781
0.273485 0.978675
0.273737 0.978568
0.27399 0.978461
0.274242 0.978353
0.274495 0.978245
0.274747 0.978136
0.275 0.978026
ZONE I=100
0.275 0.978026
0.275253 0.977916
0.275505 0.977806
0.275758 0.977694
0.27601 0.977583
0.276263 0.97747
0.276515 0.977358
0.276768 0.977244
0.27702 0.97713
0.277273 0.977016
0.277525 0.976901
0.277778 0.976785
0.27803 0.976669
0.278283 0.976552
0.278535 0.976435
0.278788 0.976317
0.27904 0.976199
0.279293 0.97608
0.279545 0.97596
0.279798 0.97584
0.280051 0.975719
0.280303 0.975597
0.280556 0.975475
0.280808 0.975353
0.281061 0.97523
0.281313 0.975106
0.281566 0.974981
0.281818 0.974856
0.282071 0.97473
0.282323 0.974604
0.282576 0.974477
0.282828 0.97435
0.283081 0.974221
0.283333 0.974093
0.283586 0.973963
0.283838 0.973833
0.284091 0.973702
0.284343 0.973571
0.284596 0.973439
0.284848 0.973306
0.285101 0.973173
0.285354 0.973039
0.285606 0.972904
0.285859 0.972769
0.286111 0.972633
0.286364 0.972496
0.286616 0.972359
0.286869 0.972221
0.287121 0.972082
0.287374 0.971943
0.287626 0.971803
0.287879 0.971662
0.288131 0.97152
0.288384 0.971378
0.288636 0.971235
0.288889 0.971092
0.289141 0.970948
0.289394 0.970803
0.289646 0.970657
0.289899 0.970511
0.290152 0.970364
0.290404 0.970216
0.290657 0.970067
0.290909 0.969918
0.291162 0.969768
0.291414 0.969617
0.291667 0.969466
0.291919 0.969313
0.292172 0.96916
0.292424 0.969007
0.292677 0.968852
0.292929 0.968697
0.293182 0.968541
0.293434 0.968384
0.293687 0.968227
0.293939 0.968068
0.294192 0.967909
0.294444 0.967749
0.294697 0.967589
0.294949 0.967427
0.295202 0.967265
0.295455 0.967102
0.295707 0.966938
0.29596 0.966774
0.296212 0.966608
0.296465 0.966442
0.296717 0.966275
0.29697 0.966107
0.297222 0.965938
0.297475 0.965769
0.297727 0.965599
0.29798 0.965427
0.298232 0.965255
0.298485 0.965083
0.298737 0.964909
0.29899 0.964734
0.299242 0.964559
0.299495 0.964383
0.299747 0.964206
0.3 0.964028
ZONE I=100
0.3 0.964028
0.300253 0.963849
0.300505 0.963669
0.300758 0.963488
0.30101 0.963307
0.301263 0.963125
0.301515 0.962941
0.301768 0.962757
0.30202 0.962572
0.302273 0.962386
0.302525 0.962199
0.302778 0.962012
0.30303 0.961823
0.303283 0.961633
0.303535 0.961443
0.303788 0.961251
0.30404 0.961059
0.304293 0.960866
0.304545 0.960671
0.304798 0.960476
0.305051 0.96028
0.305303 0.960083
0.305556 0.959885
0.305808 0.959686
0.306061 0.959486
0.306313 0.959285
0.306566 0.959083
0.306818 0.95888
0.307071 0.958676
0.307323 0.958471
0.307576 0.958265
0.307828 0.958059
0.308081 0.957851
0.308333 0.957642
0.308586 0.957432
0.308838 0.957221
0.309091 0.957009
0.309343 0.956796
0.309596 0.956582
0.309848 0.956367
0.310101 0.956151
0.310354 0.955934
0.310606 0.955716
0.310859 0.955496
0.311111 0.955276
0.311364 0.955055
0.311616 0.954832
0.311869 0.954609
0.312121 0.954384
0.312374 0.954159
0.312626 0.953932
0.312879 0.953704
0.313131 0.953475
0.313384 0.953245
0.313636 0.953014
0.313889 0.952781
0.314141 0.952548
0.314394 0.952313
0.314646 0.952078
0.314899 0.951841
0.315152 0.951603
0.315404 0.951364
0.315657 0.951124
0.315909 0.950882
0.316162 0.95064
0.316414 0.950396
0.316667 0.950151
0.316919 0.949905
0.317172 0.949658
0.317424 0.949409
0.317677 0.94916
0.317929 0.948909
0.318182 0.948657
0.318434 0.948404
0.318687 0.948149
0.318939 0.947893
0.319192 0.947636
0.319444 0.947378
0.319697 0.947119
0.319949 0.946858
0.320202 0.946596
0.320455 0.946333
0.320707 0.946069
0.32096 0.945803
0.321212 0.945536
0.321465 0.945268
0.321717 0.944999
0.32197 0.944728
0.322222 0.944456
0.322475 0.944182
0.322727 0.943908
0.32298 0.943632
0.323232 0.943354
0.323485 0.943076
0.323737 0.942796
0.32399 0.942514
0.324242 0.942232
0.324495 0.941948
0.324747 0.941662
0.325 0.941376
ZONE I=100
0.325 0.941376
0.325253 0.941087
0.325505 0.940798
0.325758 0.940507
0.32601 0.940215
0.326263 0.939921
0.326515 0.939626
0.326768 0.93933
0.32702 0.939032
0.327273 0.938733
0.327525 0.938432
0.327778 0.93813
0.32803 0.937827
0.328283 0.937522
0.328535 0.937215
0.328788 0.936907
0.32904 0.936598
0.329293 0.936287
0.329545 0.935975
0.329798 0.935661
0.330051 0.935346
0.330303 0.935029
0.330556 0.934711
0.330808 0.934391
0.331061 0.93407
0.331313 0.933747
0.331566 0.933423
0.331818 0.933097
0.332071 0.93277
0.332323 0.932441
0.332576 0.93211
0.332828 0.931778
0.333081 0.931445
0.333333 0.93111
0.333586 0.930773
0.333838 0.930435
0.334091 0.930095
0.334343 0.929753
0.334596 0.92941
0.334848 0.929065
0.335101 0.928719
0.335354 0.928371
0.335606 0.928021
0.335859 0.92767
0.336111 0.927317
0.336364 0.926963
0.336616 0.926606
0.336869 0.926248
0.337121 0.925889
0.337374 0.925527
0.337626 0.925165
0.337879 0.9248
0.338131 0.924433
0.338384 0.924065
0.338636 0.923696
0.338889 0.923324
0.339141 0.922951
0.339394 0.922576
0.339646 0.922199
0.339899 0.92182
0.340152 0.92144
0.340404 0.921058
0.340657 0.920674
0.340909 0.920289
0.341162 0.919901
0.341414 0.919512
0.341667 0.919121
0.341919 0.918728
0.342172 0.918333
0.342424 0.917937
0.342677 0.917538
0.342929 0.917138
0.343182 0.916736
0.343434 0.916332
0.343687 0.915926
0.343939 0.915519
0.344192 0.915109
0.344444 0.914697
0.344697 0.914284
0.344949 0.913869
0.345202 0.913452
0.345455 0.913032
0.345707 0.912611
0.34596 0.912188
0.346212 0.911763
0.346465 0.911336
0.346717 0.910907
0.34697 0.910476
0.347222 0.910044
0.347475 0.909609
0.347727 0.909172
0.34798 0.908733
0.348232 0.908292
0.348485 0.907849
0.348737 0.907404
0.34899 0.906957
0.349242 0.906508
0.349495 0.906057
0.349747 0.905604
0.35 0.905148
ZONE I=100
0.35 0.905148
0.350253 0.904691
0.350505 0.904231
0.350758 0.90377
0.35101 0.903306
0.351263 0.90284
0.351515 0.902372
0.351768 0.901902
0.35202 0.90143
0.352273 0.900956
0.352525 0.900479
0.352778 0.900001
0.35303 0.89952
0.353283 0.899037
0.353535 0.898551
0.353788 0.898064
0.35404 0.897574
0.354293 0.897082
0.354545 0.896588
0.354798 0.896092
0.355051 0.895593
0.355303 0.895092
0.355556 0.894589
0.355808 0.894083
0.356061 0.893576
0.356313 0.893066
0.356566 0.892553
0.356818 0.892039
0.357071 0.891522
0.357323 0.891002
0.357576 0.890481
0.357828 0.889957
0.358081 0.88943
0.358333 0.888901
0.358586 0.88837
0.358838 0.887837
0.359091 0.887301
0.359343 0.886763
0.359596 0.886222
0.359848 0.885679
0.360101 0.885133
0.360354 0.884585
0.360606 0.884035
0.360859 0.883482
0.361111 0.882926
0.361364 0.882368
0.361616 0.881808
0.361869 0.881245
0.362121 0.88068
0.362374 0.880112
0.362626 0.879541
0.362879 0.878968
0.363131 0.878393
0.363384 0.877814
0.363636 0.877234
0.363889 0.876651
0.364141 0.876065
0.364394 0.875476
0.364646 0.874885
0.364899 0.874291
0.365152 0.873695
0.365404 0.873096
0.365657 0.872495
0.365909 0.87189
0.366162 0.871284
0.366414 0.870674
0.366667 0.870062
0.366919 0.869447
0.367172 0.868829
0.367424 0.868209
0.367677 0.867586
0.367929 0.86696
0.368182 0.866331
0.368434 0.8657
0.368687 0.865066
0.368939 0.864429
0.369192 0.863789
0.369444 0.863147
0.369697 0.862501
0.369949 0.861853
0.370202 0.861202
0.370455 0.860548
0.370707 0.859892
0.37096 0.859232
0.371212 0.85857
0.371465 0.857905
0.371717 0.857237
0.37197 0.856566
0.372222 0.855892
0.372475 0.855215
0.372727 0.854535
0.37298 0.853852
0.373232 0.853167
0.373485 0.852478
0.373737 0.851787
0.37399 0.851092
0.374242 0.850394
0.374495 0.849694
0.374747 0.84899
0.375 0.848284
ZONE I=100
0.375 0.848284
0.375253 0.847574
0.375505 0.846861
0.375758 0.846146
0.37601 0.845427
0.376263 0.844705
0.376515 0.84398
0.376768 0.843252
0.37702 0.842521
0.377273 0.841786
0.377525 0.841049
0.377778 0.840308
0.37803 0.839565
0.378283 0.838818
0.378535 0.838068
0.378788 0.837315
0.37904 0.836558
0.379293 0.835799
0.379545 0.835036
0.379798 0.83427
0.380051 0.8335
0.380303 0.832728
0.380556 0.831952
0.380808 0.831173
0.381061 0.830391
0.381313 0.829605
0.381566 0.828816
0.381818 0.828024
0.382071 0.827229
0.382323 0.82643
0.382576 0.825627
0.382828 0.824822
0.383081 0.824013
0.383333 0.823201
0.383586 0.822385
0.383838 0.821566
0.384091 0.820743
0.384343 0.819917
0.384596 0.819088
0.384848 0.818255
0.385101 0.817419
0.385354 0.81658
0.385606 0.815736
0.385859 0.81489
0.386111 0.81404
0.386364 0.813186
0.386616 0.812329
0.386869 0.811468
0.387121 0.810604
0.387374 0.809736
0.387626 0.808865
0.387879 0.80799
0.388131 0.807112
0.388384 0.80623
0.388636 0.805344
0.388889 0.804455
0.389141 0.803562
0.389394 0.802665
0.389646 0.801765
0.389899 0.800862
0.390152 0.799954
0.390404 0.799043
0.390657 0.798128
0.390909 0.79721
0.391162 0.796288
0.391414 0.795362
0.391667 0.794432
0.391919 0.793499
0.392172 0.792561
0.392424 0.791621
0.392677 0.790676
0.392929 0.789727
0.393182 0.788775
0.393434 0.787819
0.393687 0.786859
0.393939 0.785896
0.394192 0.784928
0.394444 0.783957
0.394697 0.782982
0.394949 0.782003
0.395202 0.78102
0.395455 0.780033
0.395707 0.779042
0.39596 0.778048
0.396212 0.777049
0.396465 0.776047
0.396717 0.77504
0.39697 0.77403
0.397222 0.773016
0.397475 0.771997
0.397727 0.770975
0.39798 0.769949
0.398232 0.768919
0.398485 0.767884
0.398737 0.766846
0.39899 0.765804
0.399242 0.764757
0.399495 0.763707
0.399747 0.762653
0.4 0.761594
ZONE I=100
0.4 0.761594
0.400253 0.760532
0.400505 0.759465
0.400758 0.758394
0.40101 0.757319
0.401263 0.75624
0.401515 0.755157
0.401768 0.75407
0.40202 0.752978
0.402273 0.751883
0.402525 0.750783
0.402778 0.749679
0.40303 0.748571
0.403283 0.747459
0.403535 0.746342
0.403788 0.745222
0.40404 0.744097
0.404293 0.742967
0.404545 0.741834
0.404798 0.740696
0.405051 0.739554
0.405303 0.738408
0.405556 0.737258
0.405808 0.736103
0.406061 0.734944
0.406313 0.73378
0.406566 0.732613
0.406818 0.73144
0.407071 0.730264
0.407323 0.729083
0.407576 0.727898
0.407828 0.726709
0.408081 0.725515
0.408333 0.724317
0.408586 0.723114
0.408838 0.721907
0.409091 0.720696
0.409343 0.71948
0.409596 0.71826
0.409848 0.717035
0.410101 0.715806
0.410354 0.714572
0.410606 0.713334
0.410859 0.712092
0.411111 0.710844
0.411364 0.709593
0.411616 0.708337
0.411869 0.707077
0.412121 0.705812
0.412374 0.704542
0.412626 0.703268
0.412879 0.701989
0.413131 0.700706
0.413384 0.699419
0.413636 0.698126
0.413889 0.69683
0.414141 0.695528
0.414394 0.694222
0.414646 0.692912
0.414899 0.691597
0.415152 0.690277
0.415404 0.688953
0.415657 0.687624
0.415909 0.68629
0.416162 0.684952
0.416414 0.683609
0.416667 0.682262
0.416919 0.68091
0.417172 0.679553
0.417424 0.678191
0.417677 0.676825
0.417929 0.675455
0.418182 0.674079
0.418434 0.672699
0.418687 0.671314
0.418939 0.669924
0.419192 0.66853
0.419444 0.667131
0.419697 0.665727
0.419949 0.664319
0.420202 0.662906
0.420455 0.661488
0.420707 0.660065
0.42096 0.658638
0.421212 0.657206
0.421465 0.655769
0.421717 0.654327
0.42197 0.652881
0.422222 0.651429
0.422475 0.649973
0.422727 0.648513
0.42298 0.647047
0.423232 0.645577
0.423485 0.644101
0.423737 0.642621
0.42399 0.641136
0.424242 0.639647
0.424495 0.638152
0.424747 0.636653
0.425 0.635149
ZONE I=100
0.425 0.635149
0.425253 0.63364
0.425505 0.632126
0.425758 0.630608
0.42601 0.629084
0.426263 0.627556
0.426515 0.626023
0.426768 0.624485
0.42702 0.622942
0.427273 0.621394
0.427525 0.619841
0.427778 0.618284
0.42803 0.616722
0.428283 0.615154
0.428535 0.613582
0.428788 0.612005
0.42904 0.610423
0.429293 0.608837
0.429545 0.607245
0.429798 0.605649
0.430051 0.604047
0.430303 0.602441
0.430556 0.60083
0.430808 0.599214
0.431061 0.597593
0.431313 0.595967
0.431566 0.594336
0.431818 0.5927
0.432071 0.59106
0.432323 0.589414
0.432576 0.587764
0.432828 0.586108
0.433081 0.584448
0.433333 0.582783
0.433586 0.581113
0.433838 0.579438
0.434091 0.577758
0.434343 0.576073
0.434596 0.574384
0.434848 0.572689
0.435101 0.57099
0.435354 0.569285
0.435606 0.567576
0.435859 0.565862
0.436111 0.564143
0.436364 0.562419
0.436616 0.56069
0.436869 0.558956
0.437121 0.557217
0.437374 0.555473
0.437626 0.553725
0.437879 0.551971
0.438131 0.550213
0.438384 0.54845
0.438636 0.546682
0.438889 0.544909
0.439141 0.543131
0.439394 0.541348
0.439646 0.53956
0.439899 0.537768
0.440152 0.535971
0.440404 0.534168
0.440657 0.532361
0.440909 0.530549
0.441162 0.528732
0.441414 0.526911
0.441667 0.525084
0.441919 0.523253
0.442172 0.521416
0.442424 0.519575
0.442677 0.517729
0.442929 0.515878
0.443182 0.514023
0.443434 0.512162
0.443687 0.510297
0.443939 0.508427
0.444192 0.506552
0.444444 0.504672
0.444697 0.502788
0.444949 0.500899
0.445202 0.499005
0.445455 0.497106
0.445707 0.495202
0.44596 0.493294
0.446212 0.491381
0.446465 0.489463
0.446717 0.48754
0.44697 0.485613
0.447222 0.483681
0.447475 0.481744
0.447727 0.479802
0.44798 0.477856
0.448232 0.475905
0.448485 0.473949
0.448737 0.471989
0.44899 0.470024
0.449242 0.468054
0.449495 0.46608
0.449747 0.464101
0.45 0.462117
ZONE I=100
0.45 0.462117
0.450253 0.460129
0.450505 0.458136
0.450758 0.456138
0.45101 0.454136
0.451263 0.45213
0.451515 0.450118
0.451768 0.448102
0.45202 0.446082
0.452273 0.444057
0.452525 0.442027
0.452778 0.439993
0.45303 0.437954
0.453283 0.435911
0.453535 0.433864
0.453788 0.431811
0.45404 0.429755
0.454293 0.427694
0.454545 0.425628
0.454798 0.423558
0.455051 0.421484
0.455303 0.419405
0.455556 0.417322
0.455808 0.415234
0.456061 0.413142
0.456313 0.411046
0.456566 0.408945
0.456818 0.40684
0.457071 0.40473
0.457323 0.402616
0.457576 0.400498
0.457828 0.398376
0.458081 0.396249
0.458333 0.394119
0.458586 0.391983
0.458838 0.389844
0.459091 0.387701
0.459343 0.385553
0.459596 0.383401
0.459848 0.381245
0.460101 0.379084
0.460354 0.37692
0.460606 0.374751
0.460859 0.372579
0.461111 0.370402
0.461364 0.368221
0.461616 0.366036
0.461869 0.363847
0.462121 0.361654
0.462374 0.359457
0.462626 0.357256
0.462879 0.355051
0.463131 0.352843
0.463384 0.35063
0.463636 0.348413
0.463889 0.346192
0.464141 0.343968
0.464394 0.341739
0.464646 0.339507
0.464899 0.337271
0.465152 0.335031
0.465404 0.332787
0.465657 0.33054
0.465909 0.328289
0.466162 0.326034
0.466414 0.323775
0.466667 0.321513
0.466919 0.319247
0.467172 0.316977
0.467424 0.314704
0.467677 0.312427
0.467929 0.310146
0.468182 0.307862
0.468434 0.305574
0.468687 0.303283
0.468939 0.300988
0.469192 0.29869
0.469444 0.296388
0.469697 0.294083
0.469949 0.291775
0.470202 0.289463
0.470455 0.287147
0.470707 0.284829
0.47096 0.282507
0.471212 0.280181
0.471465 0.277853
0.471717 0.275521
0.47197 0.273186
0.472222 0.270847
0.472475 0.268506
0.472727 0.266161
0.47298 0.263813
0.473232 0.261462
0.473485 0.259108
0.473737 0.25675
0.47399 0.25439
0.474242 0.252027
0.474495 0.24966
0.474747 0.247291
0.475 0.244919
ZONE I=100
0.475 0.244919
0.475253 0.242543
0.475505 0.240165
0.475758 0.237784
0.47601 0.2354
0.476263 0.233014
0.476515 0.230624
0.476768 0.228232
0.47702 0.225837
0.477273 0.223439
0.477525 0.221038
0.477778 0.218635
0.47803 0.216229
0.478283 0.213821
0.478535 0.21141
0.478788 0.208996
0.47904 0.20658
0.479293 0.204161
0.479545 0.20174
0.479798 0.199316
0.480051 0.19689
0.480303 0.194461
0.480556 0.19203
0.480808 0.189597
0.481061 0.187161
0.481313 0.184724
0.481566 0.182283
0.481818 0.179841
0.482071 0.177396
0.482323 0.174949
0.482576 0.1725
0.482828 0.170049
0.483081 0.167596
0.483333 0.16514
0.483586 0.162683
0.483838 0.160224
0.484091 0.157762
0.484343 0.155299
0.484596 0.152833
0.484848 0.150366
0.485101 0.147897
0.485354 0.145426
0.485606 0.142953
0.485859 0.140479
0.486111 0.138003
0.486364 0.135525
0.486616 0.133045
0.486869 0.130564
0.487121 0.128081
0.487374 0.125596
0.487626 0.12311
0.487879 0.120622
0.488131 0.118133
0.488384 0.115642
0.488636 0.11315
0.488889 0.110656
0.489141 0.108161
0.489394 0.105665
0.489646 0.103167
0.489899 0.100668
0.490152 0.0981677
0.490404 0.0956661
0.490657 0.0931634
0.490909 0.0906595
0.491162 0.0881544
0.491414 0.0856482
0.491667 0.083141
0.491919 0.0806326
0.492172 0.0781233
0.492424 0.075613
0.492677 0.0731017
0.492929 0.0705895
0.493182 0.0680764
0.493434 0.0655624
0.493687 0.0630476
0.493939 0.060532
0.494192 0.0580156
0.494444 0.0554985
0.494697 0.0529806
0.494949 0.0504622
0.495202 0.047943
0.495455 0.0454233
0.495707 0.0429029
0.49596 0.0403821
0.496212 0.0378607
0.496465 0.0353388
0.496717 0.0328165
0.49697 0.0302938
0.497222 0.0277706
0.497475 0.0252472
0.497727 0.0227234
0.49798 0.0201993
0.498232 0.0176749
0.498485 0.0151504
0.498737 0.0126256
0.49899 0.0101007
0.499242 0.00757561
0.499495 0.00505046
0.499747 0.00252525
0.5 -0
ZONE I=100
0.5 -0
0.500253 -0.00252525
0.500505 -0.00505046
0.500758 -0.00757561
0.50101 -0.0101007
0.501263 -0.0126256
0.501515 -0.0151504
0.501768 -0.0176749
0.50202 -0.0201993
0.502273 -0.0227234
0.502525 -0.0252472
0.502778 -0.0277706
0.50303 -0.0302938
0.503283 -0.0328165
0.503535 -0.0353388
0.503788 -0.0378607
0.50404 -0.0403821
0.504293 -0.0429029
0.504545 -0.0454233
0.504798 -0.047943
0.505051 -0.0504622
0.505303 -0.0529806
0.505556 -0.0554985
0.505808 -0.0580156
0.506061 -0.060532
0.506313 -0.0630476
0.506566 -0.0655624
0.506818 -0.0680764
0.507071 -0.0705895
0.507323 -0.0731017
0.507576 -0.075613
0.507828 -0.0781233
0.508081 -0.0806326
0.508333 -0.083141
0.508586 -0.0856482
0.508838 -0.0881544
0.509091 -0.0906595
0.509343 -0.0931634
0.509596 -0.0956661
0.509848 -0.0981677
0.510101 -0.100668
0.510354 -0.103167
0.510606 -0.105665
0.510859 -0.108161
0.511111 -0.110656
0.511364 -0.11315
0.511616 -0.115642
0.511869 -0.118133
0.512121 -0.120622
0.512374 -0.12311
0.512626 -0.125596
0.512879 -0.128081
0.513131 -0.130564
0.513384 -0.133045
0.513636 -0.135525
0.513889 -0.138003
0.514141 -0.140479
0.514394 -0.142953
0.514646 -0.145426
0.514899 -0.147897
0.515152 -0.150366
0.515404 -0.152833
0.515657 -0.155299
0.515909 -0.157762
0.516162 -0.160224
0.516414 -0.162683
0.516667 -0.16514
0.516919 -0.167596
0.517172 -0.170049
0.517424 -0.1725
0.517677 -0.174949
0.517929 -0.177396
0.518182 -0.179841
0.518434 -0.182283
0.518687 -0.184724
0.518939 -0.187161
0.519192 -0.189597
0.519444 -0.19203
0.519697 -0.194461
0.519949 -0.19689
0.520202 -0.199316
0.520455 -0.20174
0.520707 -0.204161
0.52096 -0.20658
0.521212 -0.208996
0.521465 -0.21141
0.521717 -0.213821
0.52197 -0.216229
0.522222 -0.218635
0.522475 -0.221038
0.522727 -0.223439
0.52298 -0.225837
0.523232 -0.228232
0.523485 -0.230624
0.523737 -0.233014
0.52399 -0.2354
0.524242 -0.237784
0.524495 -0.240165
0.524747 -0.242543
0.525 -0.244919
ZONE I=100
0.525 -0.244919
0.525253 -0.247291
0.525505 -0.24966
0.525758 -0.252027
0.52601 -0.25439
0.526263 -0.25675
0.526515 -0.259108
0.526768 -0.261462
0.52702 -0.263813
0.527273 -0.266161
0.527525 -0.268506
0.527778 -0.270847
0.52803 -0.273186
0.528283 -0.275521
0.528535 -0.277853
0.528788 -0.280181
0.52904 -0.282507
0.529293 -0.284829
0.529545 -0.287147
0.529798 -0.289463
0.530051 -0.291775
0.530303 -0.294083
0.530556 -0.296388
0.530808 -0.29869
0.531061 -0.300988
0.531313 -0.303283
0.531566 -0.305574
0.531818 -0.307862
0.532071 -0.310146
0.532323 -0.312427
0.532576 -0.314704
0.532828 -0.316977
0.533081 -0.319247
0.533333 -0.321513
0.533586 -0.323775
0.533838 -0.326034
0.534091 -0.328289
0.534343 -0.33054
0.534596 -0.332787
0.534848 -0.335031
0.535101 -0.337271
0.535354 -0.339507
0.535606 -0.341739
0.535859 -0.343968
0.536111 -0.346192
0.536364 -0.348413
0.536616 -0.35063
0.536869 -0.352843
0.537121 -0.355051
0.537374 -0.357256
0.537626 -0.359457
0.537879 -0.361654
0.538131 -0.363847
0.538384 -0.366036
0.538636 -0.368221
0.538889 -0.370402
0.539141 -0.372579
0.539394 -0.374751
0.539646 -0.37692
0.539899 -0.379084
0.540152 -0.381245
0.540404 -0.383401
0.540657 -0.385553
0.540909 -0.387701
0.541162 -0.389844
0.541414 -0.391983
0.541667 -0.394119
0.541919 -0.396249
0.542172 -0.398376
0.542424 -0.400498
0.542677 -0.402616
0.542929 -0.40473
0.543182 -0.40684
0.543434 -0.408945
0.543687 -0.411046
0.543939 -0.413142
0.544192 -0.415234
0.544444 -0.417322
0.544697 -0.419405
0.544949 -0.421484
0.545202 -0.423558
0.545455 -0.425628
0.545707 -0.427694
0.54596 -0.429755
0.546212 -0.431811
0.546465 -0.433864
0.546717 -0.435911
0.54697 -0.437954
0.547222 -0.439993
0.547475 -0.442027
0.547727 -0.444057
0.54798 -0.446082
0.548232 -0.448102
0.548485 -0.450118
0.548737 -0.45213
0.54899 -0.454136
0.549242 -0.456138
0.549495 -0.458136
0.549747 -0.460129
0.55 -0.462117
ZONE I=100
0.55 -0.462117
0.550253 -0.464101
0.550505 -0.46608
0.550758 -0.468054
0.55101 -0.470024
0.551263 -0.471989
0.551515 -0.473949
0.551768 -0.475905
0.55202 -0.477856
0.552273 -0.479802
0.552525 -0.481744
0.552778 -0.483681
0.55303 -0.485613
0.553283 -0.48754
0.553535 -0.489463
0.553788 -0.491381
0.55404 -0.493294
0.554293 -0.495202
0.554545 -0.497106
0.554798 -0.499005
0.555051 -0.500899
0.555303 -0.502788
0.555556 -0.504672
0.555808 -0.506552
0.556061 -0.508427
0.556313 -0.510297
0.556566 -0.512162
0.556818 -0.514023
0.557071 -0.515878
0.557323 -0.517729
0.557576 -0.519575
0.557828 -0.521416
0.558081 -0.523253
0.558333 -0.525084
0.558586 -0.526911
0.558838 -0.528732
0.559091 -0.530549
0.559343 -0.532361
0.559596 -0.534168
0.559848 -0.535971
0.560101 -0.537768
0.560354 -0.53956
0.560606 -0.541348
0.560859 -0.543131
0.561111 -0.544909
0.561364 -0.546682
0.561616 -0.54845
0.561869 -0.550213
0.562121 -0.551971
0.562374 -0.553725
0.562626 -0.555473
0.562879 -0.557217
0.563131 -0.558956
0.563384 -0.56069
0.563636 -0.562419
0.563889 -0.564143
0.564141 -0.565862
0.564394 -0.567576
0.564646 -0.569285
0.564899 -0.57099
0.565152 -0.572689
0.565404 -0.574384
0.565657 -0.576073
0.565909 -0.577758
0.566162 -0.579438
0.566414 -0.581113
0.566667 -0.582783
0.566919 -0.584448
0.567172 -0.586108
0.567424 -0.587764
0.567677 -0.589414
0.567929 -0.59106
0.568182 -0.5927
0.568434 -0.594336
0.568687 -0.595967
0.568939 -0.597593
0.569192 -0.599214
0.569444 -0.60083
0.569697 -0.602441
0.569949 -0.604047
0.570202 -0.605649
0.570455 -0.607245
0.570707 -0.608837
0.57096 -0.610423
0.571212 -0.612005
0.571465 -0.613582
0.571717 -0.615154
0.57197 -0.616722
0.572222 -0.618284
0.572475 -0.619841
0.572727 -0.621394
0.57298 -0.622942
0.573232 -0.624485
0.573485 -0.626023
0.573737 -0.627556
0.57399 -0.629084
0.574242 -0.630608
0.574495 -0.632126
0.574747 -0.63364
0.575 -0.635149
ZONE I=100
0.575 -0.635149
0.575253 -0.636653
0.575505 -0.638152
0.575758 -0.639647
0.57601 -0.641136
0.576263 -0.642621
0.576515 -0.644101
0.576768 -0.645577
0.57702 -0.647047
0.577273 -0.648513
0.577525 -0.649973
0.577778 -0.651429
0.57803 -0.652881
0.578283 -0.654327
0.578535 -0.655769
0.578788 -0.657206
0.57904 -0.658638
0.579293 -0.660065
0.579545 -0.661488
0.579798 -0.662906
0.580051 -0.664319
0.580303 -0.665727
0.580556 -0.667131
0.580808 -0.66853
0.581061 -0.669924
0.581313 -0.671314
0.581566 -0.672699
0.581818 -0.674079
0.582071 -0.675455
0.582323 -0.676825
0.582576 -0.678191
0.582828 -0.679553
0.583081 -0.68091
0.583333 -0.682262
0.583586 -0.683609
0.583838 -0.684952
0.584091 -0.68629
0.584343 -0.687624
0.584596 -0.688953
0.584848 -0.690277
0.585101 -0.691597
0.585354 -0.692912
0.585606 -0.694222
0.585859 -0.695528
0.586111 -0.69683
0.586364 -0.698126
0.586616 -0.699419
0.586869 -0.700706
0.587121 -0.701989
0.587374 -0.703268
0.587626 -0.704542
0.587879 -0.705812
0.588131 -0.707077
0.588384 -0.708337
0.588636 -0.709593
0.588889 -0.710844
0.589141 -0.712092
0.589394 -0.713334
0.589646 -0.714572
0.589899 -0.715806
0.590152 -0.717035
0.590404 -0.71826
0.590657 -0.71948
0.590909 -0.720696
0.591162 -0.721907
0.591414 -0.723114
0.591667 -0.724317
0.591919 -0.725515
0.592172 -0.726709
0.592424 -0.727898
0.592677 -0.729083
0.592929 -0.730264
0.593182 -0.73144
0.593434 -0.732613
0.593687 -0.73378
0.593939 -0.734944
0.594192 -0.736103
0.594444 -0.737258
0.594697 -0.738408
0.594949 -0.739554
0.595202 -0.740696
0.595455 -0.741834
0.595707 -0.742967
0.59596 -0.744097
0.596212 -0.745222
0.596465 -0.746342
0.596717 -0.747459
0.59697 -0.748571
0.597222 -0.749679
0.597475 -0.750783
0.597727 -0.751883
0.59798 -0.752978
0.598232 -0.75407
0.598485 -0.755157
0.598737 -0.75624
0.59899 -0.757319
0.599242 -0.758394
0.599495 -0.759465
0.599747 -0.760532
0.6 -0.761594
ZONE I=100
0.6 -0.761594
0.600253 -0.762653
0.600505 -0.763707
0.600758 -0.764757
0.60101 -0.765804
0.601263 -0.766846
0.601515 -0.767884
0.601768 -0.768919
0.60202 -0.769949
0.602273 -0.770975
0.602525 -0.771997
0.602778 -0.773016
0.60303 -0.77403
0.603283 -0.77504
0.603535 -0.776047
0.603788 -0.777049
0.60404 -0.778048
0.604293 -0.779042
0.604545 -0.780033
0.604798 -0.78102
0.605051 -0.782003
0.605303 -0.782982
0.605556 -0.783957
0.605808 -0.784928
0.606061 -0.785896
0.606313 -0.786859
0.606566 -0.787819
0.606818 -0.788775
0.607071 -0.789727
0.607323 -0.790676
0.607576 -0.791621
0.607828 -0.792561
0.608081 -0.793499
0.608333 -0.794432
0.608586 -0.795362
0.608838 -0.796288
0.609091 -0.79721
0.609343 -0.798128
0.609596 -0.799043
0.609848 -0.799954
0.610101 -0.800862
0.610354 -0.801765
0.610606 -0.802665
0.610859 -0.803562
0.611111 -0.804455
0.611364 -0.805344
0.611616 -0.80623
0.611869 -0.807112
0.612121 -0.80799
0.612374 -0.808865
0.612626 -0.809736
0.612879 -0.810604
0.613131 -0.811468
0.613384 -0.812329
0.613636 -0.813186
0.613889 -0.81404
0.614141 -0.81489
0.614394 -0.815736
0.614646 -0.81658
0.614899 -0.817419
0.615152 -0.818255
0.615404 -0.819088
0.615657 -0.819917
0.615909 -0.820743
0.616162 -0.821566
0.616414 -0.822385
0.616667 -0.823201
0.616919 -0.824013
0.617172 -0.824822
0.617424 -0.825627
0.617677 -0.82643
0.617929 -0.827229
0.618182 -0.828024
0.618434 -0.828816
0.618687 -0.829605
0.618939 -0.830391
0.619192 -0.831173
0.619444 -0.831952
0.619697 -0.832728
0.619949 -0.8335
0.620202 -0.83427
0.620455 -0.835036
0.620707 -0.835799
0.62096 -0.836558
0.621212 -0.837315
0.621465 -0.838068
0.621717 -0.838818
0.62197 -0.839565
0.622222 -0.840308
0.622475 -0.841049
0.622727 -0.841786
0.62298 -0.842521
0.623232 -0.843252
0.623485 -0.84398
0.623737 -0.844705
0.62399 -0.845427
0.624242 -0.846146
0.624495 -0.846861
0.624747 -0.847574
0.625 -0.848284
ZONE I=100
0.625 -0.848284
0.625253 -0.84899
0.625505 -0.849694
0.625758 -0.850394
0.62601 -0.851092
0.626263 -0.851787
0.626515 -0.852478
0.626768 -0.853167
0.62702 -0.853852
0.627273 -0.854535
0.627525 -0.855215
0.627778 -0.855892
0.62803 -0.856566
0.628283 -0.857237
0.628535 -0.857905
0.628788 -0.85857
0.62904 -0.859232
0.629293 -0.859892
0.629545 -0.860548
0.629798 -0.861202
0.630051 -0.861853
0.630303 -0.862501
0.630556 -0.863147
0.630808 -0.863789
0.631061 -0.864429
0.631313 -0.865066
0.631566 -0.8657
0.631818 -0.866331
0.632071 -0.86696
0.632323 -0.867586
0.632576 -0.868209
0.632828 -0.868829
0.633081 -0.869447
0.633333 -0.870062
0.633586 -0.870674
0.633838 -0.871284
0.634091 -0.87189
0.634343 -0.872495
0.634596 -0.873096
0.634848 -0.873695
0.635101 -0.874291
0.635354 -0.874885
0.635606 -0.875476
0.635859 -0.876065
0.636111 -0.876651
0.636364 -0.877234
0.636616 -0.877814
0.636869 -0.878393
0.637121 -0.878968
0.637374 -0.879541
0.637626 -0.880112
0.637879 -0.88068
0.638131 -0.881245
0.638384 -0.881808
0.638636 -0.882368
0.638889 -0.882926
0.639141 -0.883482
0.639394 -0.884035
0.639646 -0.884585
0.639899 -0.885133
0.640152 -0.885679
0.640404 -0.886222
0.640657 -0.886763
0.640909 -0.887301
0.641162 -0.887837
0.641414 -0.88837
0.641667 -0.888901
0.641919 -0.88943
0.642172 -0.889957
0.642424 -0.890481
0.642677 -0.891002
0.642929 -0.891522
0.643182 -0.892039
0.643434 -0.892553
0.643687 -0.893066
0.643939 -0.893576
0.644192 -0.894083
0.644444 -0.894589
0.644697 -0.895092
0.644949 -0.895593
0.645202 -0.896092
0.645455 -0.896588
0.645707 -0.897082
0.64596 -0.897574
0.646212 -0.898064
0.646465 -0.898551
0.646717 -0.899037
0.64697 -0.89952
0.647222 -0.900001
0.647475 -0.900479
0.647727 -0.900956
0.64798 -0.90143
0.648232 -0.901902
0.648485 -0.902372
0.648737 -0.90284
0.64899 -0.903306
0.649242 -0.90377
0.649495 -0.904231
0.649747 -0.904691
0.65 -0.905148
ZONE I=100
0.65 -0.905148
0.650253 -0.905604
0.650505 -0.906057
0.650758 -0.906508
0.65101 -0.906957
0.651263 -0.907404
0.651515 -0.907849
0.651768 -0.908292
0.65202 -0.908733
0.652273 -0.909172
0.652525 -0.909609
0.652778 -0.910044
0.65303 -0.910476
0.653283 -0.910907
0.653535 -0.911336
0.653788 -0.911763
0.65404 -0.912188
0.654293 -0.912611
0.654545 -0.913032
0.654798 -0.913452
0.655051 -0.913869
0.655303 -0.914284
0.655556 -0.914697
0.655808 -0.915109
0.656061 -0.915519
0.656313 -0.915926
0.656566 -0.916332
0.656818 -0.916736
0.657071 -0.917138
0.657323 -0.917538
0.657576 -0.917937
0.657828 -0.918333
0.658081 -0.918728
0.658333 -0.919121
0.658586 -0.919512
0.658838 -0.919901
0.659091 -0.920289
0.659343 -0.920674
0.659596 -0.921058
0.659848 -0.92144
0.660101 -0.92182
0.660354 -0.922199
0.660606 -0.922576
0.660859 -0.922951
0.661111 -0.923324
0.661364 -0.923696
0.661616 -0.924065
0.661869 -0.924433
0.662121 -0.9248
0.662374 -0.925165
0.662626 -0.925527
0.662879 -0.925889
0.663131 -0.926248
0.663384 -0.926606
0.663636 -0.926963
0.663889 -0.927317
0.664141 -0.92767
0.664394 -0.928021
0.664646 -0.928371
0.664899 -0.928719
0.665152 -0.929065
0.665404 -0.92941
0.665657 -0.929753
0.665909 -0.930095
0.666162 -0.930435
0.666414 -0.930773
0.666667 -0.93111
0.666919 -0.931445
0.667172 -0.931778
0.667424 -0.93211
0.667677 -0.932441
0.667929 -0.93277
0.668182 -0.933097
0.668434 -0.933423
0.668687 -0.933747
0.668939 -0.93407
0.669192 -0.934391
0.669444 -0.934711
0.669697 -0.935029
0.669949 -0.935346
0.670202 -0.935661
0.670455 -0.935975
0.670707 -0.936287
0.67096 -0.936598
0.671212 -0.936907
0.671465 -0.937215
0.671717 -0.937522
0.67197 -0.937827
0.672222 -0.93813
0.672475 -0.938432
0.672727 -0.938733
0.67298 -0.939032
0.673232 -0.93933
0.673485 -0.939626
0.673737 -0.939921
0.67399 -0.940215
0.674242 -0.940507
0.674495 -0.940798
0.674747 -0.941087
0.675 -0.941376
ZONE I=100
0.675 -0.941376
0.675253 -0.941662
0.675505 -0.941948
0.675758 -0.942232
0.67601 -0.942514
0.676263 -0.942796
0.676515 -0.943076
0.676768 -0.943354
0.67702 -0.943632
0.677273 -0.943908
0.677525 -0.944182
0.677778 -0.944456
0.67803 -0.944728
0.678283 -0.944999
0.678535 -0.945268
0.678788 -0.945536
0.67904 -0.945803
0.679293 -0.946069
0.679545 -0.946333
0.679798 -0.946596
0.680051 -0.946858
0.680303 -0.947119
0.680556 -0.947378
0.680808 -0.947636
0.681061 -0.947893
0.681313 -0.948149
0.681566 -0.948404
0.681818 -0.948657
0.682071 -0.948909
0.682323 -0.94916
0.682576 -0.949409
0.682828 -0.949658
0.683081 -0.949905
0.683333 -0.950151
0.683586 -0.950396
0.683838 -0.95064
0.684091 -0.950882
0.684343 -0.951124
0.684596 -0.951364
0.684848 -0.951603
0.685101 -0.951841
0.685354 -0.952078
0.685606 -0.952313
0.685859 -0.952548
0.686111 -0.952781
0.686364 -0.953014
0.686616 -0.953245
0.686869 -0.953475
0.687121 -0.953704
0.687374 -0.953932
0.687626 -0.954159
0.687879 -0.954384
0.688131 -0.954609
0.688384 -0.954832
0.688636 -0.955055
0.688889 -0.955276
0.689141 -0.955496
0.689394 -0.955716
0.689646 -0.955934
0.689899 -0.956151
0.690152 -0.956367
0.690404 -0.956582
0.690657 -0.956796
0.690909 -0.957009
0.691162 -0.957221
0.691414 -0.957432
0.691667 -0.957642
0.691919 -0.957851
0.692172 -0.958059
0.692424 -0.958265
0.692677 -0.958471
0.692929 -0.958676
0.693182 -0.95888
0.693434 -0.959083
0.693687 -0.959285
0.693939 -0.959486
0.694192 -0.959686
0.694444 -0.959885
0.694697 -0.960083
0.694949 -0.96028
0.695202 -0.960476
0.695455 -0.960671
0.695707 -0.960866
0.69596 -0.961059
0.696212 -0.961251
0.696465 -0.961443
0.696717 -0.961633
0.69697 -0.961823
0.697222 -0.962012
0.697475 -0.962199
0.697727 -0.962386
0.69798 -0.962572
0.698232 -0.962757
0.698485 -0.962941
0.698737 -0.963125
0.69899 -0.963307
0.699242 -0.963488
0.699495 -0.963669
0.699747 -0.963849
0.7 -0.964028
ZONE I=100
0.7 -0.964028
0.700253 -0.964206
0.700505 -0.964383
0.700758 -0.964559
0.70101 -0.964734
0.701263 -0.964909
0.701515 -0.965083
0.701768 -0.965255
0.70202 -0.965427
0.702273 -0.965599
0.702525 -0.965769
0.702778 -0.965938
0.70303 -0.966107
0.703283 -0.966275
0.703535 -0.966442
0.703788 -0.966608
0.70404 -0.966774
0.704293 -0.966938
0.704545 -0.967102
0.704798 -0.967265
0.705051 -0.967427
0.705303 -0.967589
0.705556 -0.967749
0.705808 -0.967909
0.706061 -0.968068
0.706313 -0.968227
0.706566 -0.968384
0.706818 -0.968541
0.707071 -0.968697
0.707323 -0.968852
0.707576 -0.969007
0.707828 -0.96916
0.708081 -0.969313
0.708333 -0.969466
0.708586 -0.969617
0.708838 -0.969768
0.709091 -0.969918
0.709343 -0.970067
0.709596 -0.970216
0.709848 -0.970364
0.710101 -0.970511
0.710354 -0.970657
0.710606 -0.970803
0.710859 -0.970948
0.711111 -0.971092
0.711364 -0.971235
0.711616 -0.971378
0.711869 -0.97152
0.712121 -0.971662
0.712374 -0.971803
0.712626 -0.971943
0.712879 -0.972082
0.713131 -0.972221
0.713384 -0.972359
0.713636 -0.972496
0.713889 -0.972633
0.714141 -0.972769
0.714394 -0.972904
0.714646 -0.973039
0.714899 -0.973173
0.715152 -0.973306
0.715404 -0.973439
0.715657 -0.973571
0.715909 -0.973702
0.716162 -0.973833
0.716414 -0.973963
0.716667 -0.974093
0.716919 -0.974221
0.717172 -0.97435
0.717424 -0.974477
0.717677 -0.974604
0.717929 -0.97473
0.718182 -0.974856
0.718434 -0.974981
0.718687 -0.975106
0.718939 -0.97523
0.719192 -0.975353
0.719444 -0.975475
0.719697 -0.975597
0.719949 -0.975719
0.720202 -0.97584
0.720455 -0.97596
0.720707 -0.97608
0.72096 -0.976199
0.721212 -0.976317
0.721465 -0.976435
0.721717 -0.976552
0.72197 -0.976669
0.722222 -0.976785
0.722475 -0.976901
0.722727 -0.977016
0.72298 -0.97713
0.723232 -0.977244
0.723485 -0.977358
0.723737 -0.97747
0.72399 -0.977583
0.724242 -0.977694
0.724495 -0.977806
0.724747 -0.977916
0.725 -0.978026
ZONE I=100
0.725 -0.978026
0.725253 -0.978136
0.725505 -0.978245
0.725758 -0.978353
0.72601 -0.978461
0.726263 -0.978568
0.726515 -0.978675
0.726768 -0.978781
0.72702 -0.978887
0.727273 -0.978992
0.727525 -0.979097
0.727778 -0.979201
0.72803 -0.979305
0.728283 -0.979408
0.728535 -0.979511
0.728788 -0.979613
0.72904 -0.979715
0.729293 -0.979816
0.729545 -0.979916
0.729798 -0.980017
0.730051 -0.980116
0.730303 -0.980215
0.730556 -0.980314
0.730808 -0.980412
0.731061 -0.98051
0.731313 -0.980607
0.731566 -0.980704
0.731818 -0.9808
0.732071 -0.980896
0.732323 -0.980991
0.732576 -0.981086
0.732828 -0.981181
0.733081 -0.981275
0.733333 -0.981368
0.733586 -0.981461
0.733838 -0.981554
0.734091 -0.981646
0.734343 -0.981737
0.734596 -0.981828
0.734848 -0.981919
0.735101 -0.982009
0.735354 -0.982099
0.735606 -0.982189
0.735859 -0.982278
0.736111 -0.982366
0.736364 -0.982454
0.736616 -0.982542
0.736869 -0.982629
0.737121 -0.982716
0.737374 -0.982802
0.737626 -0.982888
0.737879 -0.982973
0.738131 -0.983058
0.738384 -0.983143
0.738636 -0.983227
0.738889 -0.983311
0.739141 -0.983394
0.739394 -0.983477
0.739646 -0.98356
0.739899 -0.983642
0.740152 -0.983724
0.740404 -0.983805
0.740657 -0.983886
0.740909 -0.983967
0.741162 -0.984047
0.741414 -0.984126
0.741667 -0.984206
0.741919 -0.984285
0.742172 -0.984363
0.742424 -0.984441
0.742677 -0.984519
0.742929 -0.984597
0.743182 -0.984674
0.743434 -0.98475
0.743687 -0.984827
0.743939 -0.984902
0.744192 -0.984978
0.744444 -0.985053
0.744697 -0.985128
0.744949 -0.985202
0.745202 -0.985276
0.745455 -0.98535
0.745707 -0.985423
0.74596 -0.985496
0.746212 -0.985568
0.746465 -0.985641
0.746717 -0.985712
0.74697 -0.985784
0.747222 -0.985855
0.747475 -0.985926
0.747727 -0.985996
0.74798 -0.986066
0.748232 -0.986136
0.748485 -0.986205
0.748737 -0.986274
0.74899 -0.986343
0.749242 -0.986411
0.749495 -0.986479
0.749747 -0.986547
0.75 -0.986614
ZONE I=100
0.75 -0.986614
0.750253 -0.986681
0.750505 -0.986748
0.750758 -0.986814
0.75101 -0.98688
0.751263 -0.986946
0.751515 -0.987011
0.751768 -0.987076
0.75202 -0.987141
0.752273 -0.987205
0.752525 -0.987269
0.752778 -0.987333
0.75303 -0.987396
0.753283 -0.98746
0.753535 -0.987522
0.753788 -0.987585
0.75404 -0.987647
0.754293 -0.987709
0.754545 -0.98777
0.754798 -0.987832
0.755051 -0.987893
0.755303 -0.987953
0.755556 -0.988014
0.755808 -0.988074
0.756061 -0.988133
0.756313 -0.988193
0.756566 -0.988252
0.756818 -0.988311
0.757071 -0.988369
0.757323 -0.988427
0.757576 -0.988485
0.757828 -0.988543
0.758081 -0.9886
0.758333 -0.988658
0.758586 -0.988714
0.758838 -0.988771
0.759091 -0.988827
0.759343 -0.988883
0.759596 -0.988939
0.759848 -0.988994
0.760101 -0.989049
0.760354 -0.989104
0.760606 -0.989159
0.760859 -0.989213
0.761111 -0.989267
0.761364 -0.989321
0.761616 -0.989375
0.761869 -0.989428
0.762121 -0.989481
0.762374 -0.989533
0.762626 -0.989586
0.762879 -0.989638
0.763131 -0.98969
0.763384 -0.989742
0.763636 -0.989793
0.763889 -0.989844
0.764141 -0.989895
0.764394 -0.989946
0.764646 -0.989996
0.764899 -0.990046
0.765152 -0.990096
0.765404 -0.990146
0.765657 -0.990195
0.765909 -0.990245
0.766162 -0.990293
0.766414 -0.990342
0.766667 -0.99039
0.766919 -0.990439
0.767172 -0.990487
0.767424 -0.990534
0.767677 -0.990582
0.767929 -0.990629
0.768182 -0.990676
0.768434 -0.990723
0.768687 -0.990769
0.768939 -0.990816
0.769192 -0.990862
0.769444 -0.990907
0.769697 -0.990953
0.769949 -0.990998
0.770202 -0.991044
0.770455 -0.991088
0.770707 -0.991133
0.77096 -0.991178
0.771212 -0.991222
0.771465 -0.991266
0.771717 -0.99131
0.77197 -0.991353
0.772222 -0.991397
0.772475 -0.99144
0.772727 -0.991483
0.77298 -0.991526
0.773232 -0.991568
0.773485 -0.99161
0.773737 -0.991652
0.77399 -0.991694
0.774242 -0.991736
0.774495 -0.991777
0.774747 -0.991819
0.775 -0.99186
ZONE I=100
0.775 -0.99186
0.775253 -0.991901
0.775505 -0.991941
0.775758 -0.991982
0.77601 -0.992022
0.776263 -0.992062
0.776515 -0.992102
0.776768 -0.992141
0.77702 -0.992181
0.777273 -0.99222
0.777525 -0.992259
0.777778 -0.992298
0.77803 -0.992337
0.778283 -0.992375
0.778535 -0.992413
0.778788 -0.992451
0.77904 -0.992489
0.779293 -0.992527
0.779545 -0.992564
0.779798 -0.992602
0.780051 -0.992639
0.780303 -0.992676
0.780556 -0.992713
0.780808 -0.992749
0.781061 -0.992786
0.781313 -0.992822
0.781566 -0.992858
0.781818 -0.992894
0.782071 -0.992929
0.782323 -0.992965
0.782576 -0.993
0.782828 -0.993035
0.783081 -0.99307
0.783333 -0.993105
0.783586 -0.99314
0.783838 -0.993174
0.784091 -0.993208
0.784343 -0.993243
0.784596 -0.993276
0.784848 -0.99331
0.785101 -0.993344
0.785354 -0.993377
0.785606 -0.99341
0.785859 -0.993444
0.786111 -0.993476
0.786364 -0.993509
0.786616 -0.993542
0.786869 -0.993574
0.787121 -0.993607
0.787374 -0.993639
0.787626 -0.993671
0.787879 -0.993702
0.788131 -0.993734
0.788384 -0.993765
0.788636 -0.993797
0.788889 -0.993828
0.789141 -0.993859
0.789394 -0.99389
0.789646 -0.99392
0.789899 -0.993951
0.790152 -0.993981
0.790404 -0.994012
0.790657 -0.994042
0.790909 -0.994072
0.791162 -0.994101
0.791414 -0.994131
0.791667 -0.994161
0.791919 -0.99419
0.792172 -0.994219
0.792424 -0.994248
0.792677 -0.994277
0.792929 -0.994306
0.793182 -0.994334
0.793434 -0.994363
0.793687 -0.994391
0.793939 -0.994419
0.794192 -0.994447
0.794444 -0.994475
0.794697 -0.994503
0.794949 -0.994531
0.795202 -0.994558
0.795455 -0.994585
0.795707 -0.994613
0.79596 -0.99464
0.796212 -0.994667
0.796465 -0.994693
0.796717 -0.99472
0.79697 -0.994747
0.797222 -0.994773
0.797475 -0.994799
0.797727 -0.994825
0.79798 -0.994851
0.798232 -0.994877
0.798485 -0.994903
0.798737 -0.994929
0.79899 -0.994954
0.799242 -0.994979
0.799495 -0.995005
0.799747 -0.99503
0.8 -0.995055
ZONE I=100
0.8 -0.995055
0.800253 -0.99508
0.800505 -0.995104
0.800758 -0.995129
0.80101 -0.995153
0.801263 -0.995178
0.801515 -0.995202
0.801768 -0.995226
0.80202 -0.99525
0.802273 -0.995274
0.802525 -0.995298
0.802778 -0.995321
0.80303 -0.995345
0.803283 -0.995368
0.803535 -0.995392
0.803788 -0.995415
0.80404 -0.995438
0.804293 -0.995461
0.804545 -0.995484
0.804798 -0.995506
0.805051 -0.995529
0.805303 -0.995551
0.805556 -0.995574
0.805808 -0.995596
0.806061 -0.995618
0.806313 -0.99564
0.806566 -0.995662
0.806818 -0.995684
0.807071 -0.995705
0.807323 -0.995727
0.807576 -0.995749
0.807828 -0.99577
0.808081 -0.995791
0.808333 -0.995812
0.808586 -0.995833
0.808838 -0.995854
0.809091 -0.995875
0.809343 -0.995896
0.809596 -0.995917
0.809848 -0.995937
0.810101 -0.995958
0.810354 -0.995978
0.810606 -0.995998
0.810859 -0.996018
0.811111 -0.996038
0.811364 -0.996058
0.811616 -0.996078
0.811869 -0.996098
0.812121 -0.996117
0.812374 -0.996137
0.812626 -0.996156
0.812879 -0.996176
0.813131 -0.996195
0.813384 -0.996214
0.813636 -0.996233
0.813889 -0.996252
0.814141 -0.996271
0.814394 -0.996289
0.814646 -0.996308
0.814899 -0.996327
0.815152 -0.996345
0.815404 -0.996364
0.815657 -0.996382
0.815909 -0.9964
0.816162 -0.996418
0.816414 -0.996436
0.816667 -0.996454
0.816919 -0.996472
0.817172 -0.99649
0.817424 -0.996507
0.817677 -0.996525
0.817929 -0.996542
0.818182 -0.99656
0.818434 -0.996577
0.818687 -0.996594
0.818939 -0.996611
0.819192 -0.996628
0.819444 -0.996645
0.819697 -0.996662
0.819949 -0.996679
0.820202 -0.996696
0.820455 -0.996712
0.820707 -0.996729
0.82096 -0.996745
0.821212 -0.996762
0.821465 -0.996778
0.821717 -0.996794
0.82197 -0.99681
0.822222 -0.996826
0.822475 -0.996842
0.822727 -0.996858
0.82298 -0.996874
0.823232 -0.99689
0.823485 -0.996905
0.823737 -0.996921
0.82399 -0.996936
0.824242 -0.996952
0.824495 -0.996967
0.824747 -0.996982
0.825 -0.996998
ZONE I=100
0.825 -0.996998
0.825253 -0.997013
0.825505 -0.997028
0.825758 -0.997043
0.82601 -0.997058
0.826263 -0.997072
0.826515 -0.997087
0.826768 -0.997102
0.82702 -0.997116
0.827273 -0.997131
0.827525 -0.997145
0.827778 -0.99716
0.82803 -0.997174
0.828283 -0.997188
0.828535 -0.997202
0.828788 -0.997216
0.82904 -0.99723
0.829293 -0.997244
0.829545 -0.997258
0.829798 -0.997272
0.830051 -0.997286
0.830303 -0.997299
0.830556 -0.997313
0.830808 -0.997326
0.831061 -0.99734
0.831313 -0.997353
0.831566 -0.997367
0.831818 -0.99738
0.832071 -0.997393
0.832323 -0.997406
0.832576 -0.997419
0.832828 -0.997432
0.833081 -0.997445
0.833333 -0.997458
0.833586 -0.997471
0.833838 -0.997483
0.834091 -0.997496
0.834343 -0.997509
0.834596 -0.997521
0.834848 -0.997534
0.835101 -0.997546
0.835354 -0.997559
0.835606 -0.997571
0.835859 -0.997583
0.836111 -0.997595
0.836364 -0.997607
0.836616 -0.997619
0.836869 -0.997631
0.837121 -0.997643
0.837374 -0.997655
0.837626 -0.997667
0.837879 -0.997679
0.838131 -0.99769
0.838384 -0.997702
0.838636 -0.997713
0.838889 -0.997725
0.839141 -0.997736
0.839394 -0.997748
0.839646 -0.997759
0.839899 -0.99777
0.840152 -0.997782
0.840404 -0.997793
0.840657 -0.997804
0.840909 -0.997815
0.841162 -0.997826
0.841414 -0.997837
0.841667 -0.997848
0.841919 -0.997859
0.842172 -0.997869
0.842424 -0.99788
0.842677 -0.997891
0.842929 -0.997901
0.843182 -0.997912
0.843434 -0.997922
0.843687 -0.997933
0.843939 -0.997943
0.844192 -0.997954
0.844444 -0.997964
0.844697 -0.997974
0.844949 -0.997984
0.845202 -0.997995
0.845455 -0.998005
0.845707 -0.998015
0.84596 -0.998025
0.846212 -0.998035
0.846465 -0.998045
0.846717 -0.998054
0.84697 -0.998064
0.847222 -0.998074
0.847475 -0.998084
0.847727 -0.998093
0.84798 -0.998103
0.848232 -0.998112
0.848485 -0.998122
0.848737 -0.998131
0.84899 -0.998141
0.849242 -0.99815
0.849495 -0.998159
0.849747 -0.998169
0.85 -0.998178
ZONE I=100
0.85 -0.998178
0.850253 -0.998187
0.850505 -0.998196
0.850758 -0.998205
0.85101 -0.998214
0.851263 -0.998223
0.851515 -0.998232
0.851768 -0.998241
0.85202 -0.99825
0.852273 -0.998259
0.852525 -0.998268
0.852778 -0.998276
0.85303 -0.998285
0.853283 -0.998294
0.853535 -0.998302
0.853788 -0.998311
0.85404 -0.998319
0.854293 -0.998328
0.854545 -0.998336
0.854798 -0.998344
0.855051 -0.998353
0.855303 -0.998361
0.855556 -0.998369
0.855808 -0.998378
0.856061 -0.998386
0.856313 -0.998394
0.856566 -0.998402
0.856818 -0.99841
0.857071 -0.998418
0.857323 -0.998426
0.857576 -0.998434
0.857828 -0.998442
0.858081 -0.99845
0.858333 -0.998457
0.858586 -0.998465
0.858838 -0.998473
0.859091 -0.998481
0.859343 -0.998488
0.859596 -0.998496
0.859848 -0.998503
0.860101 -0.998511
0.860354 -0.998518
0.860606 -0.998526
0.860859 -0.998533
0.861111 -0.998541
0.861364 -0.998548
0.861616 -0.998555
0.861869 -0.998563
0.862121 -0.99857
0.862374 -0.998577
0.862626 -0.998584
0.862879 -0.998591
0.863131 -0.998598
0.863384 -0.998606
0.863636 -0.998613
0.863889 -0.99862
0.864141 -0.998626
0.864394 -0.998633
0.864646 -0.99864
0.864899 -0.998647
0.865152 -0.998654
0.865404 -0.998661
0.865657 -0.998667
0.865909 -0.998674
0.866162 -0.998681
0.866414 -0.998687
0.866667 -0.998694
0.866919 -0.998701
0.867172 -0.998707
0.867424 -0.998714
0.867677 -0.99872
0.867929 -0.998727
0.868182 -0.998733
0.868434 -0.998739
0.868687 -0.998746
0.868939 -0.998752
0.869192 -0.998758
0.869444 -0.998765
0.869697 -0.998771
0.869949 -0.998777
0.870202 -0.998783
0.870455 -0.998789
0.870707 -0.998795
0.87096 -0.998801
0.871212 -0.998807
0.871465 -0.998813
0.871717 -0.998819
0.87197 -0.998825
0.872222 -0.998831
0.872475 -0.998837
0.872727 -0.998843
0.87298 -0.998849
0.873232 -0.998855
0.873485 -0.99886
0.873737 -0.998866
0.87399 -0.998872
0.874242 -0.998878
0.874495 -0.998883
0.874747 -0.998889
0.875 -0.998894
ZONE I=100
0.875 -0.998894
0.875253 -0.9989
0.875505 -0.998906
0.875758 -0.998911
0.87601 -0.998917
0.876263 -0.998922
0.876515 -0.998927
0.876768 -0.998933
0.87702 -0.998938
0.877273 -0.998944
0.877525 -0.998949
0.877778 -0.998954
0.87803 -0.998959
0.878283 -0.998965
0.878535 -0.99897
0.878788 -0.998975
0.87904 -0.99898
0.879293 -0.998985
0.879545 -0.99899
0.879798 -0.998996
0.880051 -0.999001
0.880303 -0.999006
0.880556 -0.999011
0.880808 -0.999016
0.881061 -0.999021
0.881313 -0.999026
0.881566 -0.99903
0.881818 -0.999035
0.882071 -0.99904
0.882323 -0.999045
0.882576 -0.99905
0.882828 -0.999055
0.883081 -0.999059
0.883333 -0.999064
0.883586 -0.999069
0.883838 -0.999073
0.884091 -0.999078
0.884343 -0.999083
0.884596 -0.999087
0.884848 -0.999092
0.885101 -0.999097
0.885354 -0.999101
0.885606 -0.999106
0.885859 -0.99911
0.886111 -0.999115
0.886364 -0.999119
0.886616 -0.999124
0.886869 -0.999128
0.887121 -0.999132
0.887374 -0.999137
0.887626 -0.999141
0.887879 -0.999145
0.888131 -0.99915
0.888384 -0.999154
0.888636 -0.999158
0.888889 -0.999162
0.889141 -0.999167
0.889394 -0.999171
0.889646 -0.999175
0.889899 -0.999179
0.890152 -0.999183
0.890404 -0.999187
0.890657 -0.999192
0.890909 -0.999196
0.891162 -0.9992
0.891414 -0.999204
0.891667 -0.999208
0.891919 -0.999212
0.892172 -0.999216
0.892424 -0.99922
0.892677 -0.999224
0.892929 -0.999227
0.893182 -0.999231
0.893434 -0.999235
0.893687 -0.999239
0.893939 -0.999243
0.894192 -0.999247
0.894444 -0.999251
0.894697 -0.999254
0.894949 -0.999258
0.895202 -0.999262
0.895455 -0.999265
0.895707 -0.999269
0.89596 -0.999273
0.896212 -0.999277
0.896465 -0.99928
0.896717 -0.999284
0.89697 -0.999287
0.897222 -0.999291
0.897475 -0.999295
0.897727 -0.999298
0.89798 -0.999302
0.898232 -0.999305
0.898485 -0.999309
0.898737 -0.999312
0.89899 -0.999316
0.899242 -0.999319
0.899495 -0.999322
0.899747 -0.999326
0.9 -0.999329
ZONE I=100
0.9 -0.999329
0.900253 -0.999333
0.900505 -0.999336
0.900758 -0.999339
0.90101 -0.999343
0.901263 -0.999346
0.901515 -0.999349
0.901768 -0.999353
0.90202 -0.999356
0.902273 -0.999359
0.902525 -0.999362
0.902778 -0.999366
0.90303 -0.999369
0.903283 -0.999372
0.903535 -0.999375
0.903788 -0.999378
0.90404 -0.999381
0.904293 -0.999384
0.904545 -0.999388
0.904798 -0.999391
0.905051 -0.999394
0.905303 -0.999397
0.905556 -0.9994
0.905808 -0.999403
0.906061 -0.999406
0.906313 -0.999409
0.906566 -0.999412
0.906818 -0.999415
0.907071 -0.999418
0.907323 -0.999421
0.907576 -0.999424
0.907828 -0.999426
0.908081 -0.999429
0.908333 -0.999432
0.908586 -0.999435
0.908838 -0.999438
0.909091 -0.999441
0.909343 -0.999444
0.909596 -0.999446
0.909848 -0.999449
0.910101 -0.999452
0.910354 -0.999455
0.910606 -0.999457
0.910859 -0.99946
0.911111 -0.999463
0.911364 -0.999466
0.911616 -0.999468
0.911869 -0.999471
0.912121 -0.999474
0.912374 -0.999476
0.912626 -0.999479
0.912879 -0.999482
0.913131 -0.999484
0.913384 -0.999487
0.913636 -0.999489
0.913889 -0.999492
0.914141 -0.999494
0.914394 -0.999497
0.914646 -0.9995
0.914899 -0.999502
0.915152 -0.999505
0.915404 -0.999507
0.915657 -0.99951
0.915909 -0.999512
0.916162 -0.999514
0.916414 -0.999517
0.916667 -0.999519
0.916919 -0.999522
0.917172 -0.999524
0.917424 -0.999527
0.917677 -0.999529
0.917929 -0.999531
0.918182 -0.999534
0.918434 -0.999536
0.918687 -0.999538
0.918939 -0.999541
0.919192 -0.999543
0.919444 -0.999545
0.919697 -0.999548
0.919949 -0.99955
0.920202 -0.999552
0.920455 -0.999554
0.920707 -0.999557
0.92096 -0.999559
0.921212 -0.999561
0.921465 -0.999563
0.921717 -0.999566
0.92197 -0.999568
0.922222 -0.99957
0.922475 -0.999572
0.922727 -0.999574
0.92298 -0.999576
0.923232 -0.999579
0.923485 -0.999581
0.923737 -0.999583
0.92399 -0.999585
0.924242 -0.999587
0.924495 -0.999589
0.924747 -0.999591
0.925 -0.999593
ZONE I=100
0.925 -0.999593
0.925253 -0.999595
0.925505 -0.999597
0.925758 -0.999599
0.92601 -0.999601
0.926263 -0.999603
0.926515 -0.999605
0.926768 -0.999607
0.92702 -0.999609
0.927273 -0.999611
0.927525 -0.999613
0.927778 -0.999615
0.92803 -0.999617
0.928283 -0.999619
0.928535 -0.999621
0.928788 -0.999623
0.92904 -0.999625
0.929293 -0.999627
0.929545 -0.999628
0.929798 -0.99963
0.930051 -0.999632
0.930303 -0.999634
0.930556 -0.999636
0.930808 -0.999638
0.931061 -0.99964
0.931313 -0.999641
0.931566 -0.999643
0.931818 -0.999645
0.932071 -0.999647
0.932323 -0.999649
0.932576 -0.99965
0.932828 -0.999652
0.933081 -0.999654
0.933333 -0.999656
0.933586 -0.999657
0.933838 -0.999659
0.934091 -0.999661
0.934343 -0.999662
0.934596 -0.999664
0.934848 -0.999666
0.935101 -0.999668
0.935354 -0.999669
0.935606 -0.999671
0.935859 -0.999673
0.936111 -0.999674
0.936364 -0.999676
0.936616 -0.999677
0.936869 -0.999679
0.937121 -0.999681
0.937374 -0.999682
0.937626 -0.999684
0.937879 -0.999686
0.938131 -0.999687
0.938384 -0.999689
0.938636 -0.99969
0.938889 -0.999692
0.939141 -0.999693
0.939394 -0.999695
0.939646 -0.999696
0.939899 -0.999698
0.940152 -0.999699
0.940404 -0.999701
0.940657 -0.999703
0.940909 -0.999704
0.941162 -0.999706
0.941414 -0.999707
0.941667 -0.999708
0.941919 -0.99971
0.942172 -0.999711
0.942424 -0.999713
0.942677 -0.999714
0.942929 -0.999716
0.943182 -0.999717
0.943434 -0.999719
0.943687 -0.99972
0.943939 -0.999721
0.944192 -0.999723
0.944444 -0.999724
0.944697 -0.999726
0.944949 -0.999727
0.945202 -0.999728
0.945455 -0.99973
0.945707 -0.999731
0.94596 -0.999732
0.946212 -0.999734
0.946465 -0.999735
0.946717 -0.999736
0.94697 -0.999738
0.947222 -0.999739
0.947475 -0.99974
0.947727 -0.999742
0.94798 -0.999743
0.948232 -0.999744
0.948485 -0.999746
0.948737 -0.999747
0.94899 -0.999748
0.949242 -0.999749
0.949495 -0.999751
0.949747 -0.999752
0.95 -0.999753
ZONE I=100
0.95 -0.999753
0.950253 -0.999754
0.950505 -0.999756
0.950758 -0.999757
0.95101 -0.999758
0.951263 -0.999759
0.951515 -0.999761
0.951768 -0.999762
0.95202 -0.999763
0.952273 -0.999764
0.952525 -0.999765
0.952778 -0.999767
0.95303 -0.999768
0.953283 -0.999769
0.953535 -0.99977
0.953788 -0.999771
0.95404 -0.999772
0.954293 -0.999774
0.954545 -0.999775
0.954798 -0.999776
0.955051 -0.999777
0.955303 -0.999778
0.955556 -0.999779
0.955808 -0.99978
0.956061 -0.999781
0.956313 -0.999782
0.956566 -0.999784
0.956818 -0.999785
0.957071 -0.999786
0.957323 -0.999787
0.957576 -0.999788
0.957828 -0.999789
0.958081 -0.99979
0.958333 -0.999791
0.958586 -0.999792
0.958838 -0.999793
0.959091 -0.999794
0.959343 -0.999795
0.959596 -0.999796
0.959848 -0.999797
0.960101 -0.999798
0.960354 -0.999799
0.960606 -0.9998
0.960859 -0.999801
0.961111 -0.999802
0.961364 -0.999803
0.961616 -0.999804
0.961869 -0.999805
0.962121 -0.999806
0.962374 -0.999807
0.962626 -0.999808
0.962879 -0.999809
0.963131 -0.99981
0.963384 -0.999811
0.963636 -0.999812
0.963889 -0.999813
0.964141 -0.999814
0.964394 -0.999815
0.964646 -0.999816
0.964899 -0.999817
0.965152 -0.999818
0.965404 -0.999819
0.965657 -0.99982
0.965909 -0.99982
0.966162 -0.999821
0.966414 -0.999822
0.966667 -0.999823
0.966919 -0.999824
0.967172 -0.999825
0.967424 -0.999826
0.967677 -0.999827
0.967929 -0.999828
0.968182 -0.999828
0.968434 -0.999829
0.968687 -0.99983
0.968939 -0.999831
0.969192 -0.999832
0.969444 -0.999833
0.969697 -0.999834
0.969949 -0.999834
0.970202 -0.999835
0.970455 -0.999836
0.970707 -0.999837
0.97096 -0.999838
0.971212 -0.999839
0.971465 -0.999839
0.971717 -0.99984
0.97197 -0.999841
0.972222 -0.999842
0.972475 -0.999843
0.972727 -0.999843
0.97298 -0.999844
0.973232 -0.999845
0.973485 -0.999846
0.973737 -0.999846
0.97399 -0.999847
0.974242 -0.999848
0.974495 -0.999849
0.974747 -0.99985
0.975 -0.99985
ZONE I=100
0.975 -0.99985
0.975253 -0.999851
0.975505 -0.999852
0.975758 -0.999853
0.97601 -0.999853
0.976263 -0.999854
0.976515 -0.999855
0.976768 -0.999856
0.97702 -0.999856
0.977273 -0.999857
0.977525 -0.999858
0.977778 -0.999858
0.97803 -0.999859
0.978283 -0.99986
0.978535 -0.999861
0.978788 -0.999861
0.97904 -0.999862
0.979293 -0.999863
0.979545 -0.999863
0.979798 -0.999864
0.980051 -0.999865
0.980303 -0.999865
0.980556 -0.999866
0.980808 -0.999867
0.981061 -0.999867
0.981313 -0.999868
0.981566 -0.999869
0.981818 -0.999869
0.982071 -0.99987
0.982323 -0.999871
0.982576 -0.999871
0.982828 -0.999872
0.983081 -0.999873
0.983333 -0.999873
0.983586 -0.999874
0.983838 -0.999875
0.984091 -0.999875
0.984343 -0.999876
0.984596 -0.999876
0.984848 -0.999877
0.985101 -0.999878
0.985354 -0.999878
0.985606 -0.999879
0.985859 -0.99988
0.986111 -0.99988
0.986364 -0.999881
0.986616 -0.999881
0.986869 -0.999882
0.987121 -0.999883
0.987374 -0.999883
0.987626 -0.999884
0.987879 -0.999884
0.988131 -0.999885
0.988384 -0.999885
0.988636 -0.999886
0.988889 -0.999887
0.989141 -0.999887
0.989394 -0.999888
0.989646 -0.999888
0.989899 -0.999889
0.990152 -0.999889
0.990404 -0.99989
0.990657 -0.999891
0.990909 -0.999891
0.991162 -0.999892
0.991414 -0.999892
0.991667 -0.999893
0.991919 -0.999893
0.992172 -0.999894
0.992424 -0.999894
0.992677 -0.999895
0.992929 -0.999895
0.993182 -0.999896
0.993434 -0.999896
0.993687 -0.999897
0.993939 -0.999898
0.994192 -0.999898
0.994444 -0.999899
0.994697 -0.999899
0.994949 -0.9999
0.995202 -0.9999
0.995455 -0.999901
0.995707 -0.999901
0.99596 -0.999902
0.996212 -0.999902
0.996465 -0.999903
0.996717 -0.999903
0.99697 -0.999904
0.997222 -0.999904
0.997475 -0.999905
0.997727 -0.999905
0.99798 -0.999905
0.998232 -0.999906
0.998485 -0.999906
0.998737 -0.999907
0.99899 -0.999907
0.999242 -0.999908
0.999495 -0.999908
0.999747 -0.999909
1 -0.999909
